Frequency (Hz)	Level (dB)
10.766602	-57.031315
21.533203	-47.757607
32.299805	-36.072765
43.066406	-29.323519
53.833008	-26.634041
64.599609	-29.618166
75.366211	-31.040871
86.132812	-27.104153
96.899414	-26.547754
107.666016	-26.397625
118.432617	-26.414179
129.199219	-29.627392
139.965820	-31.654993
150.732422	-29.160229
161.499023	-29.127283
172.265625	-33.781773
183.032227	-37.449482
193.798828	-38.327732
204.565430	-40.023548
215.332031	-39.944332
226.098633	-37.362858
236.865234	-36.165127
247.631836	-37.907616
258.398438	-41.978394
269.165039	-47.735294
279.931641	-47.995640
290.698242	-49.119190
301.464844	-49.074532
312.231445	-45.369644
322.998047	-43.352398
333.764648	-44.612507
344.531250	-48.546436
355.297852	-49.548973
366.064453	-45.624210
376.831055	-42.814289
387.597656	-42.426899
398.364258	-43.210495
409.130859	-43.853725
419.897461	-46.115456
430.664062	-47.908802
441.430664	-48.900806
452.197266	-49.933773
462.963867	-51.483307
473.730469	-50.524055
484.497070	-47.538063
495.263672	-43.208237
506.030273	-39.524532
516.796875	-41.480721
527.563477	-44.646187
538.330078	-47.957741
549.096680	-50.685104
559.863281	-49.713169
570.629883	-48.852470
581.396484	-48.830563
592.163086	-51.746548
602.929688	-53.515297
613.696289	-52.765770
624.462891	-51.175568
635.229492	-49.479324
645.996094	-46.325348
656.762695	-44.677208
667.529297	-44.930420
678.295898	-46.902527
689.062500	-48.351391
699.829102	-50.048416
710.595703	-51.477592
721.362305	-50.505596
732.128906	-49.532192
742.895508	-49.972797
753.662109	-49.260483
764.428711	-47.963200
775.195312	-48.633034
785.961914	-47.347336
796.728516	-47.056084
807.495117	-51.086216
818.261719	-53.212219
829.028320	-53.886761
839.794922	-54.118912
850.561523	-53.293243
861.328125	-52.064407
872.094727	-52.119453
882.861328	-54.331554
893.627930	-54.394276
904.394531	-55.033745
915.161133	-55.584888
925.927734	-55.756138
936.694336	-54.194691
947.460938	-52.974232
958.227539	-52.908329
968.994141	-53.491261
979.760742	-53.810410
990.527344	-52.950798
1001.293945	-52.062733
1012.060547	-52.699799
1022.827148	-53.092209
1033.593750	-54.052418
1044.360352	-53.755173
1055.126953	-52.670387
1065.893555	-50.995426
1076.660156	-51.085915
1087.426758	-51.537361
1098.193359	-53.261780
1108.959961	-51.801601
1119.726562	-52.945908
1130.493164	-53.588936
1141.259766	-53.232971
1152.026367	-50.841091
1162.792969	-50.711430
1173.559570	-51.956203
1184.326172	-51.342598
1195.092773	-51.283039
1205.859375	-51.230320
1216.625977	-50.849327
1227.392578	-49.589390
1238.159180	-49.559101
1248.925781	-50.192875
1259.692383	-52.079338
1270.458984	-53.459435
1281.225586	-53.486217
1291.992188	-53.187977
1302.758789	-51.918438
1313.525391	-50.897053
1324.291992	-50.818512
1335.058594	-51.371765
1345.825195	-53.584766
1356.591797	-54.911186
1367.358398	-55.403748
1378.125000	-56.764423
1388.891602	-55.477444
1399.658203	-53.254425
1410.424805	-53.981415
1421.191406	-54.987476
1431.958008	-54.140461
1442.724609	-53.178635
1453.491211	-52.702133
1464.257812	-51.431328
1475.024414	-50.897217
1485.791016	-51.369278
1496.557617	-52.164440
1507.324219	-53.058567
1518.090820	-52.903255
1528.857422	-52.359276
1539.624023	-52.708729
1550.390625	-53.618080
1561.157227	-53.594765
1571.923828	-53.492374
1582.690430	-53.744576
1593.457031	-53.262512
1604.223633	-52.979511
1614.990234	-52.469254
1625.756836	-52.703365
1636.523438	-53.422745
1647.290039	-52.321976
1658.056641	-52.616795
1668.823242	-53.281479
1679.589844	-52.716671
1690.356445	-52.534973
1701.123047	-51.721027
1711.889648	-51.112160
1722.656250	-50.134384
1733.422852	-50.796135
1744.189453	-52.281002
1754.956055	-53.770065
1765.722656	-53.172947
1776.489258	-52.642269
1787.255859	-53.605534
1798.022461	-54.494553
1808.789062	-54.285934
1819.555664	-54.636463
1830.322266	-55.021976
1841.088867	-54.339333
1851.855469	-53.113987
1862.622070	-52.344559
1873.388672	-53.006096
1884.155273	-54.034225
1894.921875	-53.140896
1905.688477	-52.261318
1916.455078	-51.971188
1927.221680	-51.965588
1937.988281	-51.643810
1948.754883	-50.995888
1959.521484	-52.167614
1970.288086	-51.100060
1981.054688	-49.284348
1991.821289	-50.137280
2002.587891	-50.677082
2013.354492	-50.494320
2024.121094	-49.029003
2034.887695	-49.197945
2045.654297	-50.952183
2056.420898	-50.111416
2067.187500	-49.067123
2077.954102	-49.347656
2088.720703	-49.758022
2099.487305	-49.301453
2110.253906	-48.362938
2121.020508	-48.739754
2131.787109	-48.380619
2142.553711	-46.278332
2153.320312	-46.064373
2164.086914	-46.567764
2174.853516	-47.560959
2185.620117	-47.467964
2196.386719	-46.959133
2207.153320	-48.620167
2217.919922	-49.582008
2228.686523	-48.857868
2239.453125	-48.731964
2250.219727	-49.457878
2260.986328	-48.964596
2271.752930	-48.491238
2282.519531	-48.394714
2293.286133	-49.257469
2304.052734	-48.397007
2314.819336	-47.068882
2325.585938	-48.070049
2336.352539	-48.716328
2347.119141	-47.702724
2357.885742	-47.446487
2368.652344	-47.577953
2379.418945	-48.443771
2390.185547	-47.603271
2400.952148	-46.832214
2411.718750	-47.967468
2422.485352	-48.055374
2433.251953	-47.657928
2444.018555	-48.319267
2454.785156	-49.661221
2465.551758	-50.221077
2476.318359	-49.506107
2487.084961	-48.970604
2497.851562	-49.582462
2508.618164	-51.047653
2519.384766	-50.362736
2530.151367	-50.584961
2540.917969	-50.836304
2551.684570	-50.834141
2562.451172	-50.558014
2573.217773	-50.630695
2583.984375	-50.772907
2594.750977	-50.709633
2605.517578	-49.971298
2616.284180	-50.538364
2627.050781	-51.458736
2637.817383	-51.511959
2648.583984	-52.009373
2659.350586	-53.596668
2670.117188	-53.369286
2680.883789	-52.291027
2691.650391	-52.295689
2702.416992	-52.644386
2713.183594	-52.782860
2723.950195	-52.673542
2734.716797	-52.671661
2745.483398	-52.895061
2756.250000	-53.012402
2767.016602	-53.197571
2777.783203	-52.891846
2788.549805	-52.280605
2799.316406	-51.343315
2810.083008	-50.969685
2820.849609	-50.969395
2831.616211	-51.404758
2842.382812	-52.086407
2853.149414	-52.949005
2863.916016	-53.165562
2874.682617	-54.122852
2885.449219	-53.504551
2896.215820	-52.864868
2906.982422	-53.855873
2917.749023	-54.104130
2928.515625	-53.293995
2939.282227	-53.147068
2950.048828	-55.043201
2960.815430	-54.555222
2971.582031	-53.282742
2982.348633	-52.939430
2993.115234	-52.463425
3003.881836	-51.533989
3014.648438	-50.445942
3025.415039	-50.713966
3036.181641	-50.987888
3046.948242	-50.903698
3057.714844	-50.774471
3068.481445	-51.110912
3079.248047	-50.982822
3090.014648	-50.336803
3100.781250	-50.857552
3111.547852	-51.065002
3122.314453	-50.847122
3133.081055	-49.726158
3143.847656	-49.306450
3154.614258	-48.351128
3165.380859	-48.439903
3176.147461	-48.874454
3186.914062	-49.171833
3197.680664	-50.144844
3208.447266	-49.036026
3219.213867	-48.707279
3229.980469	-49.095844
3240.747070	-49.405376
3251.513672	-48.930630
3262.280273	-49.377647
3273.046875	-50.800552
3283.813477	-50.884048
3294.580078	-50.278431
3305.346680	-49.169540
3316.113281	-49.199635
3326.879883	-49.098953
3337.646484	-49.190346
3348.413086	-49.382549
3359.179688	-50.028751
3369.946289	-51.773739
3380.712891	-52.800034
3391.479492	-52.883617
3402.246094	-52.980534
3413.012695	-52.929825
3423.779297	-52.074715
3434.545898	-51.720627
3445.312500	-52.759777
3456.079102	-53.458294
3466.845703	-53.473984
3477.612305	-53.166058
3488.378906	-53.338867
3499.145508	-53.463902
3509.912109	-53.388435
3520.678711	-53.380856
3531.445312	-53.700722
3542.211914	-52.972702
3552.978516	-52.599186
3563.745117	-53.492207
3574.511719	-53.498348
3585.278320	-53.121918
3596.044922	-53.344437
3606.811523	-54.420349
3617.578125	-53.866276
3628.344727	-52.523026
3639.111328	-51.859680
3649.877930	-51.636791
3660.644531	-52.287228
3671.411133	-52.642246
3682.177734	-52.689159
3692.944336	-53.357475
3703.710938	-53.492893
3714.477539	-53.338665
3725.244141	-52.562965
3736.010742	-52.155579
3746.777344	-52.479279
3757.543945	-51.894447
3768.310547	-52.203327
3779.077148	-52.857422
3789.843750	-53.683907
3800.610352	-53.806477
3811.376953	-54.163429
3822.143555	-54.265236
3832.910156	-53.446125
3843.676758	-53.176552
3854.443359	-53.449184
3865.209961	-53.060760
3875.976562	-51.952888
3886.743164	-52.234150
3897.509766	-53.422642
3908.276367	-54.047482
3919.042969	-54.121021
3929.809570	-53.657192
3940.576172	-53.609268
3951.342773	-52.247162
3962.109375	-52.122684
3972.875977	-52.526104
3983.642578	-52.540085
3994.409180	-52.320606
4005.175781	-52.878799
4015.942383	-53.312462
4026.708984	-53.451214
4037.475586	-54.207722
4048.242188	-53.808201
4059.008789	-53.769901
4069.775391	-53.962841
4080.541992	-53.983749
4091.308594	-53.360161
4102.075195	-52.803085
4112.841797	-52.730167
4123.608398	-53.459259
4134.375000	-53.971058
4145.141602	-54.566055
4155.908203	-55.918320
4166.674805	-55.722179
4177.441406	-55.365097
4188.208008	-54.521294
4198.974609	-54.667549
4209.741211	-54.772095
4220.507812	-54.766701
4231.274414	-55.112240
4242.041016	-54.943703
4252.807617	-54.422752
4263.574219	-54.696896
4274.340820	-55.197395
4285.107422	-54.299057
4295.874023	-54.269009
4306.640625	-54.288837
4317.407227	-54.343430
4328.173828	-54.278770
4338.940430	-53.937149
4349.707031	-53.568836
4360.473633	-53.552963
4371.240234	-54.385456
4382.006836	-54.225929
4392.773438	-53.580624
4403.540039	-54.058044
4414.306641	-54.479485
4425.073242	-54.963257
4435.839844	-56.793625
4446.606445	-57.233025
4457.373047	-57.032627
4468.139648	-56.210888
4478.906250	-55.590355
4489.672852	-54.969601
4500.439453	-54.742706
4511.206055	-54.850243
4521.972656	-54.004223
4532.739258	-53.879105
4543.505859	-54.038906
4554.272461	-53.473972
4565.039062	-53.079285
4575.805664	-52.268044
4586.572266	-52.383419
4597.338867	-52.726837
4608.105469	-52.901558
4618.872070	-52.849987
4629.638672	-53.170887
4640.405273	-53.689537
4651.171875	-53.271973
4661.938477	-53.206203
4672.705078	-53.325397
4683.471680	-53.467007
4694.238281	-53.320911
4705.004883	-53.083530
4715.771484	-53.371605
4726.538086	-53.479897
4737.304688	-53.501743
4748.071289	-52.490864
4758.837891	-51.647907
4769.604492	-51.602783
4780.371094	-51.047310
4791.137695	-50.430332
4801.904297	-51.123905
4812.670898	-51.843445
4823.437500	-53.476517
4834.204102	-52.930191
4844.970703	-52.672054
4855.737305	-52.553150
4866.503906	-52.678627
4877.270508	-53.430401
4888.037109	-53.377678
4898.803711	-52.513668
4909.570312	-52.132339
4920.336914	-53.223949
4931.103516	-53.177860
4941.870117	-52.348637
4952.636719	-52.821018
4963.403320	-52.670914
4974.169922	-52.954433
4984.936523	-54.283394
4995.703125	-53.943871
5006.469727	-52.741112
5017.236328	-52.373718
5028.002930	-53.289219
5038.769531	-54.094559
5049.536133	-54.284000
5060.302734	-52.923042
5071.069336	-53.051800
5081.835938	-54.795753
5092.602539	-55.452801
5103.369141	-55.345928
5114.135742	-54.806114
5124.902344	-54.684059
5135.668945	-53.941082
5146.435547	-53.695793
5157.202148	-53.496494
5167.968750	-54.374542
5178.735352	-55.637367
5189.501953	-55.295761
5200.268555	-55.325138
5211.035156	-55.684864
5221.801758	-55.975235
5232.568359	-56.090889
5243.334961	-55.815853
5254.101562	-55.717800
5264.868164	-55.894382
5275.634766	-56.483513
5286.401367	-56.811436
5297.167969	-57.872906
5307.934570	-57.245647
5318.701172	-57.428261
5329.467773	-57.890007
5340.234375	-57.383663
5351.000977	-57.218864
5361.767578	-57.500984
5372.534180	-57.516533
5383.300781	-57.728218
5394.067383	-56.871796
5404.833984	-56.296368
5415.600586	-57.054531
5426.367188	-57.138172
5437.133789	-56.686359
5447.900391	-56.366913
5458.666992	-56.678833
5469.433594	-57.346939
5480.200195	-57.582256
5490.966797	-58.962242
5501.733398	-59.250084
5512.500000	-58.909924
5523.266602	-56.825783
5534.033203	-56.374733
5544.799805	-56.616386
5555.566406	-57.557568
5566.333008	-56.277725
5577.099609	-56.351780
5587.866211	-57.576347
5598.632812	-57.574356
5609.399414	-57.841278
5620.166016	-57.406467
5630.932617	-56.627735
5641.699219	-57.283329
5652.465820	-56.971153
5663.232422	-56.776684
5673.999023	-56.784828
5684.765625	-57.179756
5695.532227	-56.920204
5706.298828	-57.598846
5717.065430	-56.625946
5727.832031	-56.517838
5738.598633	-58.271179
5749.365234	-59.490093
5760.131836	-59.912792
5770.898438	-58.480667
5781.665039	-57.139492
5792.431641	-56.131058
5803.198242	-54.969772
5813.964844	-55.579170
5824.731445	-57.048260
5835.498047	-56.866287
5846.264648	-57.702816
5857.031250	-58.618534
5867.797852	-58.415379
5878.564453	-57.879379
5889.331055	-57.836056
5900.097656	-58.241116
5910.864258	-58.621384
5921.630859	-57.106178
5932.397461	-56.713905
5943.164062	-57.953018
5953.930664	-58.182819
5964.697266	-57.593361
5975.463867	-57.425106
5986.230469	-58.136627
5996.997070	-58.784172
6007.763672	-57.592407
6018.530273	-56.734825
6029.296875	-57.085789
6040.063477	-57.964745
6050.830078	-58.446064
6061.596680	-58.859570
6072.363281	-58.573025
6083.129883	-57.326511
6093.896484	-57.105522
6104.663086	-57.093449
6115.429688	-56.835617
6126.196289	-57.197685
6136.962891	-57.984226
6147.729492	-58.398067
6158.496094	-58.680244
6169.262695	-58.267735
6180.029297	-58.259098
6190.795898	-58.007484
6201.562500	-57.845116
6212.329102	-56.860214
6223.095703	-57.252808
6233.862305	-58.489235
6244.628906	-58.038986
6255.395508	-57.351631
6266.162109	-57.409084
6276.928711	-57.781185
6287.695312	-57.255821
6298.461914	-57.335804
6309.228516	-57.109322
6319.995117	-56.015705
6330.761719	-56.511932
6341.528320	-57.982616
6352.294922	-58.301449
6363.061523	-58.746307
6373.828125	-59.374771
6384.594727	-58.415470
6395.361328	-58.566021
6406.127930	-59.298279
6416.894531	-59.269821
6427.661133	-57.619274
6438.427734	-57.601574
6449.194336	-58.545502
6459.960938	-58.582821
6470.727539	-58.882946
6481.494141	-58.565022
6492.260742	-58.675369
6503.027344	-59.045391
6513.793945	-59.364723
6524.560547	-59.838200
6535.327148	-59.644882
6546.093750	-59.174141
6556.860352	-59.456379
6567.626953	-59.699356
6578.393555	-59.914948
6589.160156	-58.820141
6599.926758	-58.102848
6610.693359	-57.953609
6621.459961	-58.782986
6632.226562	-58.594418
6642.993164	-58.447659
6653.759766	-59.033283
6664.526367	-58.986942
6675.292969	-59.771988
6686.059570	-59.964123
6696.826172	-60.299828
6707.592773	-60.500648
6718.359375	-59.230049
6729.125977	-59.169857
6739.892578	-59.902699
6750.659180	-59.733704
6761.425781	-59.450191
6772.192383	-59.565632
6782.958984	-59.189365
6793.725586	-59.804348
6804.492188	-61.068375
6815.258789	-60.738754
6826.025391	-60.290108
6836.791992	-60.349457
6847.558594	-60.915405
6858.325195	-60.369431
6869.091797	-60.962860
6879.858398	-61.025524
6890.625000	-60.603214
6901.391602	-60.994907
6912.158203	-60.959263
6922.924805	-60.752644
6933.691406	-60.549492
6944.458008	-60.872890
6955.224609	-60.049999
6965.991211	-60.894310
6976.757812	-60.971371
6987.524414	-61.728798
6998.291016	-61.748081
7009.057617	-61.450027
7019.824219	-60.835712
7030.590820	-60.987473
7041.357422	-60.176464
7052.124023	-60.588505
7062.890625	-60.865078
7073.657227	-61.631275
7084.423828	-61.322659
7095.190430	-61.294376
7105.957031	-61.991806
7116.723633	-61.849823
7127.490234	-61.556332
7138.256836	-61.272285
7149.023438	-60.467129
7159.790039	-59.949245
7170.556641	-59.597820
7181.323242	-60.321392
7192.089844	-61.180504
7202.856445	-61.483177
7213.623047	-61.411652
7224.389648	-61.385960
7235.156250	-61.729912
7245.922852	-61.549759
7256.689453	-61.811993
7267.456055	-61.074192
7278.222656	-61.109791
7288.989258	-61.351177
7299.755859	-60.218346
7310.522461	-60.204647
7321.289062	-60.755703
7332.055664	-60.728951
7342.822266	-60.881577
7353.588867	-61.058056
7364.355469	-60.859688
7375.122070	-61.095299
7385.888672	-61.931137
7396.655273	-61.869904
7407.421875	-62.329975
7418.188477	-61.706852
7428.955078	-60.834232
7439.721680	-61.235435
7450.488281	-60.724297
7461.254883	-60.913803
7472.021484	-61.463253
7482.788086	-62.777138
7493.554688	-63.499706
7504.321289	-64.455566
7515.087891	-63.879814
7525.854492	-64.030548
7536.621094	-62.966053
7547.387695	-62.609779
7558.154297	-63.612766
7568.920898	-63.664200
7579.687500	-63.245869
7590.454102	-62.419426
7601.220703	-62.119061
7611.987305	-63.095455
7622.753906	-62.647903
7633.520508	-62.200581
7644.287109	-62.909492
7655.053711	-62.947906
7665.820312	-62.744125
7676.586914	-62.165550
7687.353516	-61.972092
7698.120117	-62.171528
7708.886719	-62.088474
7719.653320	-61.921581
7730.419922	-62.220058
7741.186523	-61.999321
7751.953125	-61.568325
7762.719727	-62.292278
7773.486328	-61.412292
7784.252930	-61.026913
7795.019531	-61.561172
7805.786133	-62.565941
7816.552734	-63.135735
7827.319336	-63.216671
7838.085938	-63.493950
7848.852539	-62.590199
7859.619141	-62.070976
7870.385742	-62.507282
7881.152344	-62.843525
7891.918945	-62.497696
7902.685547	-62.319031
7913.452148	-62.500015
7924.218750	-62.331619
7934.985352	-62.765697
7945.751953	-63.036762
7956.518555	-63.025364
7967.285156	-62.513264
7978.051758	-61.696476
7988.818359	-61.310699
7999.584961	-61.481037
8010.351562	-61.574722
8021.118164	-62.255836
8031.884766	-62.734364
8042.651367	-61.356491
8053.417969	-60.668583
8064.184570	-60.041698
8074.951172	-60.427086
8085.717773	-61.601555
8096.484375	-63.582191
8107.250977	-63.689896
8118.017578	-63.277126
8128.784180	-63.855064
8139.550781	-65.111732
8150.317383	-64.553406
8161.083984	-63.737503
8171.850586	-63.162029
8182.617188	-61.080284
8193.383789	-59.473831
8204.150391	-60.800472
8214.916992	-62.241676
8225.683594	-62.361416
8236.450195	-62.608166
8247.216797	-63.513660
8257.983398	-63.039906
8268.750000	-62.679573
8279.516602	-63.163010
8290.283203	-65.072052
8301.049805	-65.764481
8311.816406	-65.187668
8322.583008	-63.900600
8333.349609	-64.267403
8344.116211	-63.770061
8354.882812	-63.753269
8365.649414	-63.516354
8376.416016	-64.074638
8387.182617	-63.663700
8397.949219	-64.622948
8408.715820	-65.085487
8419.482422	-65.006195
8430.249023	-63.888817
8441.015625	-62.550884
8451.782227	-62.581966
8462.548828	-61.353218
8473.315430	-60.942295
8484.082031	-61.868332
8494.848633	-62.684513
8505.615234	-62.658943
8516.381836	-62.862724
8527.148438	-63.113342
8537.915039	-64.275383
8548.681641	-64.385597
8559.448242	-64.613159
8570.214844	-64.820480
8580.981445	-64.264969
8591.748047	-63.832527
8602.514648	-63.938503
8613.281250	-64.346077
8624.047852	-64.816940
8634.814453	-64.183334
8645.581055	-63.431778
8656.347656	-63.534592
8667.114258	-64.991486
8677.880859	-64.419769
8688.647461	-62.869129
8699.414062	-62.638046
8710.180664	-63.442833
8720.947266	-64.035095
8731.713867	-64.205505
8742.480469	-65.071022
8753.247070	-64.998993
8764.013672	-65.589149
8774.780273	-64.501900
8785.546875	-63.752872
8796.313477	-63.807930
8807.080078	-64.108940
8817.846680	-64.238297
8828.613281	-64.534775
8839.379883	-63.774174
8850.146484	-64.762329
8860.913086	-64.574051
8871.679688	-64.448753
8882.446289	-65.151711
8893.212891	-64.806183
8903.979492	-62.864750
8914.746094	-62.736275
8925.512695	-64.525620
8936.279297	-64.540062
8947.045898	-64.415024
8957.812500	-65.203903
8968.579102	-65.227913
8979.345703	-64.958221
8990.112305	-65.299454
9000.878906	-65.504074
9011.645508	-66.278343
9022.412109	-66.586594
9033.178711	-65.787170
9043.945312	-64.867836
9054.711914	-64.371437
9065.478516	-65.286514
9076.245117	-65.172981
9087.011719	-64.481209
9097.778320	-64.160759
9108.544922	-63.490215
9119.311523	-63.230198
9130.078125	-62.630039
9140.844727	-62.516464
9151.611328	-62.640373
9162.377930	-62.213455
9173.144531	-62.839161
9183.911133	-63.322662
9194.677734	-64.031311
9205.444336	-61.938786
9216.210938	-62.679924
9226.977539	-63.441631
9237.744141	-64.498390
9248.510742	-65.994324
9259.277344	-66.326088
9270.043945	-66.749405
9280.810547	-65.926224
9291.577148	-65.684143
9302.343750	-66.201118
9313.110352	-66.280479
9323.876953	-66.097481
9334.643555	-66.249100
9345.410156	-66.082985
9356.176758	-64.660698
9366.943359	-64.808342
9377.709961	-64.713142
9388.476562	-63.464832
9399.243164	-64.571159
9410.009766	-65.274323
9420.776367	-65.064796
9431.542969	-65.164452
9442.309570	-65.147705
9453.076172	-65.053528
9463.842773	-64.609261
9474.609375	-63.571625
9485.375977	-63.715015
9496.142578	-63.967216
9506.909180	-62.539230
9517.675781	-61.057987
9528.442383	-61.003376
9539.208984	-61.557259
9549.975586	-61.522266
9560.742188	-61.624306
9571.508789	-60.766975
9582.275391	-61.531689
9593.041992	-62.680485
9603.808594	-62.661182
9614.575195	-62.440346
9625.341797	-62.685345
9636.108398	-63.004330
9646.875000	-63.266911
9657.641602	-62.702019
9668.408203	-63.049564
9679.174805	-63.061108
9689.941406	-63.801750
9700.708008	-64.567627
9711.474609	-64.210526
9722.241211	-63.424419
9733.007812	-64.295013
9743.774414	-63.391243
9754.541016	-62.570358
9765.307617	-60.966831
9776.074219	-61.495018
9786.840820	-62.662926
9797.607422	-61.756207
9808.374023	-60.608257
9819.140625	-61.323792
9829.907227	-61.852776
9840.673828	-62.461624
9851.440430	-61.691368
9862.207031	-62.845280
9872.973633	-63.355274
9883.740234	-63.389145
9894.506836	-64.573784
9905.273438	-64.718048
9916.040039	-63.645161
9926.806641	-64.990051
9937.573242	-65.071754
9948.339844	-64.468712
9959.106445	-65.122078
9969.873047	-64.017242
9980.639648	-63.403328
9991.406250	-62.720985
10002.172852	-61.323437
10012.939453	-60.247299
10023.706055	-60.041672
10034.472656	-61.035995
10045.239258	-60.901474
10056.005859	-58.797962
10066.772461	-56.451481
10077.539062	-56.939774
10088.305664	-58.495602
10099.072266	-58.471577
10109.838867	-57.333599
10120.605469	-57.473629
10131.372070	-59.222023
10142.138672	-60.194286
10152.905273	-60.778187
10163.671875	-60.631943
10174.438477	-60.093899
10185.205078	-60.478374
10195.971680	-59.568798
10206.738281	-57.737225
10217.504883	-58.994194
10228.271484	-60.588104
10239.038086	-61.185959
10249.804688	-60.942753
10260.571289	-60.519169
10271.337891	-59.825493
10282.104492	-58.708458
10292.871094	-57.363937
10303.637695	-55.775028
10314.404297	-56.924206
10325.170898	-60.134502
10335.937500	-61.396328
10346.704102	-61.459530
10357.470703	-61.702297
10368.237305	-62.049732
10379.003906	-61.045689
10389.770508	-60.492085
10400.537109	-61.562183
10411.303711	-61.570580
10422.070312	-61.517555
10432.836914	-61.689869
10443.603516	-61.664593
10454.370117	-60.715488
10465.136719	-61.227360
10475.903320	-60.525890
10486.669922	-61.617725
10497.436523	-62.438473
10508.203125	-62.373432
10518.969727	-62.208794
10529.736328	-61.421890
10540.502930	-62.517670
10551.269531	-62.882523
10562.036133	-61.628757
10572.802734	-61.996380
10583.569336	-63.021206
10594.335938	-63.866917
10605.102539	-64.721313
10615.869141	-64.053078
10626.635742	-63.001736
10637.402344	-62.888210
10648.168945	-62.760365
10658.935547	-63.717457
10669.702148	-63.597675
10680.468750	-62.949478
10691.235352	-61.918789
10702.001953	-61.094276
10712.768555	-60.443935
10723.535156	-59.809967
10734.301758	-60.292709
10745.068359	-60.541092
10755.834961	-61.022499
10766.601562	-59.848095
10777.368164	-58.709732
10788.134766	-57.586887
10798.901367	-56.952023
10809.667969	-56.672215
10820.434570	-56.438740
10831.201172	-56.727173
10841.967773	-55.851654
10852.734375	-55.222778
10863.500977	-56.534824
10874.267578	-58.086098
10885.034180	-59.201900
10895.800781	-59.540291
10906.567383	-60.494221
10917.333984	-61.251175
10928.100586	-61.231934
10938.867188	-60.783932
10949.633789	-60.282543
10960.400391	-61.430416
10971.166992	-61.867157
10981.933594	-62.547161
10992.700195	-62.696991
11003.466797	-63.087013
11014.233398	-62.720837
11025.000000	-61.957188
11035.766602	-62.007710
11046.533203	-60.164227
11057.299805	-58.921867
11068.066406	-58.590168
11078.833008	-59.126579
11089.599609	-59.223286
11100.366211	-59.811363
11111.132812	-60.190304
11121.899414	-59.662857
11132.666016	-60.859402
11143.432617	-61.919258
11154.199219	-62.090260
11164.965820	-60.839085
11175.732422	-60.974880
11186.499023	-61.127853
11197.265625	-61.195385
11208.032227	-60.413799
11218.798828	-58.164547
11229.565430	-57.154011
11240.332031	-57.997005
11251.098633	-59.758266
11261.865234	-61.576805
11272.631836	-61.735538
11283.398438	-62.627026
11294.165039	-63.114876
11304.931641	-60.817387
11315.698242	-58.755577
11326.464844	-57.455772
11337.231445	-59.551708
11347.998047	-60.322594
11358.764648	-61.009838
11369.531250	-61.292019
11380.297852	-60.427597
11391.064453	-60.191643
11401.831055	-61.456783
11412.597656	-62.426929
11423.364258	-62.109142
11434.130859	-62.402855
11444.897461	-62.984322
11455.664062	-63.217819
11466.430664	-62.328861
11477.197266	-61.199448
11487.963867	-61.044357
11498.730469	-60.865051
11509.497070	-60.021488
11520.263672	-59.378086
11531.030273	-59.896767
11541.796875	-61.305782
11552.563477	-61.278717
11563.330078	-60.683769
11574.096680	-61.987232
11584.863281	-63.518051
11595.629883	-63.357395
11606.396484	-64.095078
11617.163086	-65.020844
11627.929688	-64.214035
11638.696289	-63.748142
11649.462891	-63.896732
11660.229492	-62.981304
11670.996094	-62.497189
11681.762695	-62.539291
11692.529297	-62.371922
11703.295898	-62.236187
11714.062500	-61.864220
11724.829102	-61.514393
11735.595703	-61.869122
11746.362305	-61.955906
11757.128906	-62.498730
11767.895508	-62.726345
11778.662109	-62.660339
11789.428711	-61.813141
11800.195312	-61.846642
11810.961914	-61.483425
11821.728516	-61.572254
11832.495117	-61.485558
11843.261719	-60.466835
11854.028320	-59.839455
11864.794922	-59.649075
11875.561523	-59.564213
11886.328125	-60.066811
11897.094727	-61.245640
11907.861328	-62.523544
11918.627930	-62.574371
11929.394531	-62.959805
11940.161133	-62.339970
11950.927734	-61.384651
11961.694336	-60.249271
11972.460938	-58.058331
11983.227539	-58.045044
11993.994141	-59.469517
12004.760742	-60.516243
12015.527344	-61.334785
12026.293945	-61.161335
12037.060547	-60.449078
12047.827148	-59.976482
12058.593750	-60.922653
12069.360352	-62.571583
12080.126953	-63.510616
12090.893555	-65.014687
12101.660156	-65.065422
12112.426758	-64.547043
12123.193359	-64.245712
12133.959961	-63.411465
12144.726562	-62.734688
12155.493164	-60.717472
12166.259766	-59.232567
12177.026367	-60.182400
12187.792969	-60.232422
12198.559570	-58.887634
12209.326172	-59.149097
12220.092773	-58.852386
12230.859375	-60.283150
12241.625977	-62.091267
12252.392578	-62.155266
12263.159180	-62.000050
12273.925781	-60.327374
12284.692383	-59.555771
12295.458984	-60.623981
12306.225586	-61.637337
12316.992188	-61.114147
12327.758789	-61.395218
12338.525391	-62.081127
12349.291992	-62.179977
12360.058594	-62.146454
12370.825195	-62.081463
12381.591797	-62.485317
12392.358398	-63.177681
12403.125000	-62.657429
12413.891602	-61.230961
12424.658203	-61.411057
12435.424805	-61.680264
12446.191406	-62.665894
12456.958008	-62.349415
12467.724609	-61.875916
12478.491211	-62.411758
12489.257812	-62.007565
12500.024414	-62.138515
12510.791016	-61.949497
12521.557617	-62.802277
12532.324219	-63.078327
12543.090820	-62.341599
12553.857422	-62.207802
12564.624023	-61.910252
12575.390625	-61.464676
12586.157227	-60.825764
12596.923828	-59.321518
12607.690430	-59.122147
12618.457031	-59.275635
12629.223633	-59.137424
12639.990234	-59.345905
12650.756836	-59.165863
12661.523438	-59.164341
12672.290039	-59.813461
12683.056641	-58.869015
12693.823242	-58.237068
12704.589844	-59.235233
12715.356445	-59.649902
12726.123047	-58.946083
12736.889648	-58.765785
12747.656250	-58.810528
12758.422852	-59.567074
12769.189453	-59.929928
12779.956055	-59.776726
12790.722656	-60.605621
12801.489258	-62.745926
12812.255859	-63.131992
12823.022461	-62.311672
12833.789062	-61.684319
12844.555664	-61.163132
12855.322266	-60.259274
12866.088867	-60.249180
12876.855469	-60.136002
12887.622070	-58.425262
12898.388672	-57.335197
12909.155273	-56.809639
12919.921875	-57.330315
12930.688477	-57.373932
12941.455078	-58.289268
12952.221680	-59.833679
12962.988281	-59.998562
12973.754883	-59.464912
12984.521484	-60.432751
12995.288086	-60.396889
13006.054688	-59.464424
13016.821289	-59.451160
13027.587891	-60.878902
13038.354492	-61.524441
13049.121094	-61.453945
13059.887695	-60.849213
13070.654297	-60.536087
13081.420898	-60.247795
13092.187500	-61.168674
13102.954102	-61.376556
13113.720703	-61.213062
13124.487305	-60.336086
13135.253906	-59.837997
13146.020508	-59.173298
13156.787109	-58.300877
13167.553711	-57.713448
13178.320312	-59.211002
13189.086914	-59.337814
13199.853516	-60.252064
13210.620117	-61.299133
13221.386719	-60.551186
13232.153320	-59.800663
13242.919922	-59.725174
13253.686523	-60.660614
13264.453125	-61.527481
13275.219727	-61.493782
13285.986328	-60.846107
13296.752930	-61.698170
13307.519531	-61.791641
13318.286133	-61.906429
13329.052734	-61.438030
13339.819336	-59.863033
13350.585938	-60.020828
13361.352539	-61.893467
13372.119141	-61.162464
13382.885742	-59.987862
13393.652344	-59.812046
13404.418945	-60.349316
13415.185547	-60.747589
13425.952148	-61.703674
13436.718750	-61.986458
13447.485352	-61.940113
13458.251953	-62.367874
13469.018555	-61.795460
13479.785156	-60.691490
13490.551758	-60.992336
13501.318359	-61.159737
13512.084961	-61.028763
13522.851562	-59.478455
13533.618164	-58.935566
13544.384766	-59.574615
13555.151367	-60.158096
13565.917969	-59.599125
13576.684570	-58.340775
13587.451172	-58.713898
13598.217773	-60.103798
13608.984375	-60.476379
13619.750977	-60.028824
13630.517578	-59.815563
13641.284180	-58.658337
13652.050781	-59.980556
13662.817383	-59.733879
13673.583984	-57.694450
13684.350586	-57.946556
13695.117188	-58.394318
13705.883789	-59.219391
13716.650391	-60.464005
13727.416992	-60.808784
13738.183594	-62.416962
13748.950195	-64.390068
13759.716797	-64.788277
13770.483398	-64.825470
13781.250000	-64.545540
13792.016602	-65.718971
13802.783203	-65.932495
13813.549805	-64.749580
13824.316406	-64.488899
13835.083008	-65.104523
13845.849609	-64.848969
13856.616211	-64.065804
13867.382812	-63.186195
13878.149414	-62.873444
13888.916016	-62.691654
13899.682617	-61.484047
13910.449219	-60.806751
13921.215820	-60.661491
13931.982422	-60.883289
13942.749023	-60.468773
13953.515625	-59.290142
13964.282227	-60.035927
13975.048828	-61.026253
13985.815430	-61.446827
13996.582031	-62.503174
14007.348633	-63.158115
14018.115234	-63.831299
14028.881836	-64.503349
14039.648438	-65.066437
14050.415039	-66.307426
14061.181641	-66.519028
14071.948242	-65.952209
14082.714844	-66.180511
14093.481445	-66.145775
14104.248047	-65.532494
14115.014648	-65.255554
14125.781250	-65.543671
14136.547852	-65.926430
14147.314453	-65.803154
14158.081055	-65.555717
14168.847656	-66.249992
14179.614258	-67.217888
14190.380859	-67.145920
14201.147461	-65.795433
14211.914062	-64.180443
14222.680664	-63.139030
14233.447266	-63.846428
14244.213867	-63.707745
14254.980469	-63.612419
14265.747070	-62.914093
14276.513672	-61.631096
14287.280273	-62.295441
14298.046875	-63.224064
14308.813477	-63.141785
14319.580078	-63.757351
14330.346680	-65.046211
14341.113281	-65.627838
14351.879883	-65.708633
14362.646484	-65.432945
14373.413086	-65.594086
14384.179688	-64.443756
14394.946289	-62.824841
14405.712891	-61.357677
14416.479492	-60.956825
14427.246094	-61.356754
14438.012695	-62.086689
14448.779297	-63.036232
14459.545898	-64.482544
14470.312500	-65.075417
14481.079102	-66.006142
14491.845703	-67.132919
14502.612305	-67.086014
14513.378906	-67.296204
14524.145508	-67.192642
14534.912109	-65.366577
14545.678711	-63.620659
14556.445312	-63.738720
14567.211914	-63.579796
14577.978516	-63.599762
14588.745117	-64.410843
14599.511719	-64.165314
14610.278320	-63.638958
14621.044922	-62.629234
14631.811523	-63.154732
14642.578125	-64.610306
14653.344727	-64.978539
14664.111328	-65.699905
14674.877930	-66.068810
14685.644531	-66.429688
14696.411133	-66.320724
14707.177734	-65.689926
14717.944336	-65.713005
14728.710938	-66.134277
14739.477539	-66.267151
14750.244141	-66.636322
14761.010742	-67.354889
14771.777344	-67.576424
14782.543945	-67.664818
14793.310547	-67.849663
14804.077148	-67.620453
14814.843750	-67.630653
14825.610352	-68.086136
14836.376953	-68.751091
14847.143555	-68.561890
14857.910156	-67.208549
14868.676758	-67.193924
14879.443359	-67.309837
14890.209961	-67.338600
14900.976562	-67.283600
14911.743164	-66.637604
14922.509766	-66.317451
14933.276367	-67.653122
14944.042969	-68.842453
14954.809570	-66.955879
14965.576172	-66.229340
14976.342773	-66.552162
14987.109375	-66.247826
14997.875977	-66.406372
15008.642578	-66.498802
15019.409180	-67.855148
15030.175781	-68.171127
15040.942383	-68.595917
15051.708984	-67.510254
15062.475586	-66.796730
15073.242188	-67.247482
15084.008789	-67.782967
15094.775391	-68.579834
15105.541992	-68.638939
15116.308594	-68.048126
15127.075195	-66.738716
15137.841797	-66.434319
15148.608398	-66.508934
15159.375000	-66.241562
15170.141602	-65.174522
15180.908203	-63.199142
15191.674805	-61.676769
15202.441406	-61.941586
15213.208008	-63.327717
15223.974609	-63.893173
15234.741211	-65.074661
15245.507812	-65.703880
15256.274414	-65.491302
15267.041016	-65.574570
15277.807617	-65.669739
15288.574219	-66.205254
15299.340820	-67.653786
15310.107422	-67.420921
15320.874023	-67.089470
15331.640625	-67.481346
15342.407227	-68.195473
15353.173828	-68.926163
15363.940430	-68.782745
15374.707031	-68.036469
15385.473633	-67.392380
15396.240234	-67.119484
15407.006836	-67.529976
15417.773438	-67.247177
15428.540039	-65.603149
15439.306641	-65.227196
15450.073242	-66.129616
15460.839844	-67.118614
15471.606445	-67.639137
15482.373047	-67.254395
15493.139648	-67.738937
15503.906250	-67.945457
15514.672852	-66.675682
15525.439453	-66.825905
15536.206055	-67.890663
15546.972656	-68.972382
15557.739258	-71.205536
15568.505859	-70.675858
15579.272461	-70.469521
15590.039062	-71.489883
15600.805664	-70.873627
15611.572266	-70.464325
15622.338867	-69.789024
15633.105469	-68.418579
15643.872070	-68.118317
15654.638672	-68.169327
15665.405273	-68.640999
15676.171875	-67.548851
15686.938477	-66.440804
15697.705078	-64.731873
15708.471680	-63.966846
15719.238281	-64.703033
15730.004883	-66.971825
15740.771484	-68.892570
15751.538086	-73.036873
15762.304688	-77.672394
15773.071289	-80.889793
15783.837891	-81.813576
15794.604492	-83.472511
15805.371094	-85.311928
15816.137695	-86.869888
15826.904297	-88.124542
15837.670898	-90.671333
15848.437500	-94.570053
15859.204102	-95.698906
15869.970703	-95.113945
15880.737305	-96.612030
15891.503906	-97.122200
15902.270508	-95.978554
15913.037109	-95.702126
15923.803711	-95.820068
15934.570312	-93.736786
15945.336914	-91.005135
15956.103516	-90.243149
15966.870117	-90.778236
15977.636719	-92.521408
15988.403320	-93.554543
15999.169922	-92.073654
16009.936523	-91.642220
16020.703125	-93.772827
16031.469727	-96.420708
16042.236328	-98.217110
16053.002930	-99.529335
16063.769531	-100.687355
16074.536133	-103.308205
16085.302734	-104.523079
16096.069336	-105.152878
16106.835938	-108.173561
16117.602539	-110.645332
16128.369141	-110.894470
16139.135742	-111.168358
16149.902344	-112.386993
16160.668945	-112.600327
16171.435547	-112.455742
16182.202148	-113.363792
16192.968750	-114.115692
16203.735352	-114.346169
16214.501953	-114.064484
16225.268555	-114.354134
16236.035156	-114.174492
16246.801758	-113.810089
16257.568359	-114.070946
16268.334961	-114.387085
16279.101562	-114.922874
16289.868164	-114.965157
16300.634766	-114.929535
16311.401367	-114.699654
16322.167969	-114.772530
16332.934570	-115.326355
16343.701172	-115.383347
16354.467773	-114.924713
16365.234375	-115.124023
16376.000977	-116.197701
16386.767578	-116.627090
16397.534180	-116.086502
16408.300781	-116.383316
16419.067383	-116.515968
16429.833984	-116.243668
16440.600586	-115.995735
16451.367188	-115.899559
16462.133789	-116.613396
16472.900391	-116.457657
16483.666992	-116.170677
16494.433594	-115.825684
16505.200195	-115.331184
16515.966797	-115.770645
16526.733398	-115.646652
16537.500000	-115.358955
16548.266602	-115.522530
16559.033203	-115.066566
16569.799805	-114.674515
16580.566406	-114.328789
16591.333008	-114.355682
16602.099609	-114.649048
16612.866211	-114.319443
16623.632812	-114.141441
16634.399414	-114.298889
16645.166016	-114.138260
16655.932617	-114.137260
16666.699219	-114.160995
16677.465820	-114.405624
16688.232422	-114.320824
16698.999023	-114.255211
16709.765625	-114.639030
16720.532227	-114.485840
16731.298828	-114.574974
16742.065430	-114.814514
16752.832031	-115.017189
16763.598633	-115.100914
16774.365234	-115.059769
16785.131836	-115.305603
16795.898438	-115.595795
16806.665039	-115.967522
16817.431641	-115.910843
16828.198242	-115.695427
16838.964844	-115.720413
16849.731445	-115.966591
16860.498047	-116.092392
16871.264648	-115.969467
16882.031250	-116.052025
16892.797852	-115.938072
16903.564453	-115.440178
16914.331055	-115.539650
16925.097656	-115.402962
16935.864258	-115.991425
16946.630859	-115.536942
16957.397461	-114.833252
16968.164062	-114.776283
16978.930664	-115.232140
16989.697266	-114.537651
17000.463867	-114.512741
17011.230469	-114.501984
17021.997070	-114.170425
17032.763672	-114.221268
17043.530273	-114.219933
17054.296875	-114.508240
17065.063477	-114.732422
17075.830078	-114.645660
17086.596680	-113.891006
17097.363281	-114.010742
17108.129883	-114.399155
17118.896484	-114.770744
17129.663086	-114.937012
17140.429688	-114.804291
17151.196289	-114.881805
17161.962891	-114.857315
17172.729492	-115.081345
17183.496094	-115.098297
17194.262695	-114.743118
17205.029297	-115.014313
17215.795898	-114.861191
17226.562500	-115.087479
17237.329102	-115.521370
17248.095703	-115.362015
17258.862305	-115.607689
17269.628906	-116.003685
17280.395508	-116.107513
17291.162109	-115.751656
17301.928711	-115.714386
17312.695312	-115.645485
17323.461914	-115.133575
17334.228516	-115.492050
17344.995117	-115.854774
17355.761719	-115.015549
17366.528320	-114.961464
17377.294922	-114.527710
17388.061523	-114.405098
17398.828125	-114.635162
17409.594727	-114.348595
17420.361328	-114.177086
17431.127930	-114.486519
17441.894531	-114.547295
17452.661133	-114.102730
17463.427734	-114.169434
17474.194336	-114.119301
17484.960938	-113.925171
17495.727539	-113.486008
17506.494141	-113.685417
17517.260742	-114.210060
17528.027344	-113.629791
17538.793945	-113.514145
17549.560547	-113.534569
17560.327148	-114.804756
17571.093750	-114.920372
17581.860352	-114.390739
17592.626953	-114.464905
17603.393555	-115.051636
17614.160156	-114.973183
17624.926758	-114.589783
17635.693359	-114.262184
17646.459961	-114.852036
17657.226562	-115.568535
17667.993164	-115.306366
17678.759766	-115.487366
17689.526367	-115.801315
17700.292969	-115.484489
17711.059570	-114.763710
17721.826172	-114.917854
17732.592773	-115.148277
17743.359375	-115.018608
17754.125977	-114.907211
17764.892578	-114.735313
17775.659180	-114.063255
17786.425781	-114.287880
17797.192383	-114.084633
17807.958984	-113.865875
17818.725586	-114.507881
17829.492188	-114.358376
17840.258789	-113.720253
17851.025391	-113.165558
17861.791992	-113.771828
17872.558594	-113.472092
17883.325195	-113.400520
17894.091797	-113.720062
17904.858398	-114.080917
17915.625000	-113.533707
17926.391602	-114.300545
17937.158203	-114.138420
17947.924805	-113.377525
17958.691406	-113.304054
17969.458008	-113.461296
17980.224609	-113.897125
17990.991211	-113.961525
18001.757812	-114.212601
18012.524414	-114.042168
18023.291016	-114.365387
18034.057617	-114.440079
18044.824219	-114.574356
18055.590820	-114.328949
18066.357422	-114.446236
18077.124023	-115.147057
18087.890625	-115.412254
18098.657227	-115.209740
18109.423828	-114.866402
18120.190430	-114.481018
18130.957031	-114.572823
18141.723633	-114.864624
18152.490234	-114.958260
18163.256836	-114.998535
18174.023438	-114.887596
18184.790039	-114.027328
18195.556641	-113.997421
18206.323242	-113.801491
18217.089844	-114.280891
18227.856445	-114.357086
18238.623047	-113.796867
18249.389648	-113.625999
18260.156250	-113.792130
18270.922852	-114.258148
18281.689453	-114.207039
18292.456055	-113.904419
18303.222656	-113.824554
18313.989258	-113.531494
18324.755859	-113.533134
18335.522461	-113.473671
18346.289062	-113.187355
18357.055664	-113.454292
18367.822266	-113.336357
18378.588867	-113.342819
18389.355469	-114.012894
18400.122070	-114.254585
18410.888672	-113.784950
18421.655273	-114.385384
18432.421875	-114.376579
18443.188477	-113.997688
18453.955078	-114.361023
18464.721680	-114.631660
18475.488281	-114.714188
18486.254883	-115.063347
18497.021484	-114.071617
18507.788086	-113.944717
18518.554688	-114.567680
18529.321289	-115.115623
18540.087891	-114.442970
18550.854492	-114.335571
18561.621094	-114.536880
18572.387695	-114.535858
18583.154297	-115.009743
18593.920898	-114.689354
18604.687500	-113.744141
18615.454102	-114.339394
18626.220703	-114.307076
18636.987305	-113.512611
18647.753906	-114.223129
18658.520508	-114.145638
18669.287109	-113.738487
18680.053711	-113.766869
18690.820312	-113.480843
18701.586914	-113.198494
18712.353516	-113.511620
18723.120117	-113.283577
18733.886719	-113.630936
18744.653320	-113.179337
18755.419922	-113.197014
18766.186523	-113.962303
18776.953125	-113.728012
18787.719727	-114.213226
18798.486328	-113.676750
18809.252930	-113.389389
18820.019531	-113.671295
18830.786133	-113.108154
18841.552734	-113.317696
18852.319336	-113.876526
18863.085938	-114.109322
18873.852539	-113.771698
18884.619141	-113.960457
18895.385742	-114.120605
18906.152344	-113.999031
18916.918945	-113.785217
18927.685547	-113.547653
18938.452148	-113.488251
18949.218750	-113.895706
18959.985352	-114.157013
18970.751953	-114.214577
18981.518555	-114.550293
18992.285156	-114.073494
19003.051758	-113.374115
19013.818359	-113.708305
19024.584961	-114.044914
19035.351562	-113.568207
19046.118164	-113.324799
19056.884766	-113.432114
19067.651367	-113.311020
19078.417969	-113.269867
19089.184570	-113.352814
19099.951172	-113.638512
19110.717773	-113.374756
19121.484375	-112.580406
19132.250977	-113.197411
19143.017578	-113.494621
19153.784180	-112.882278
19164.550781	-112.521912
19175.317383	-112.631554
19186.083984	-113.018257
19196.850586	-113.456612
19207.617188	-113.377220
19218.383789	-112.701645
19229.150391	-112.647820
19239.916992	-112.829987
19250.683594	-113.634834
19261.450195	-113.934296
19272.216797	-113.861671
19282.983398	-113.254440
19293.750000	-113.335106
19304.516602	-114.425461
19315.283203	-113.587509
19326.049805	-113.330246
19336.816406	-113.589203
19347.583008	-114.308708
19358.349609	-114.520027
19369.116211	-114.373245
19379.882812	-114.396538
19390.649414	-113.977448
19401.416016	-113.541496
19412.182617	-113.617165
19422.949219	-113.859520
19433.715820	-113.571365
19444.482422	-113.454315
19455.249023	-113.846764
19466.015625	-113.562012
19476.782227	-113.265953
19487.548828	-113.850098
19498.315430	-113.409843
19509.082031	-113.021355
19519.848633	-112.845078
19530.615234	-112.735352
19541.381836	-113.397507
19552.148438	-113.410851
19562.915039	-113.445908
19573.681641	-113.173538
19584.448242	-113.492828
19595.214844	-113.014694
19605.981445	-113.095009
19616.748047	-112.916679
19627.514648	-112.321960
19638.281250	-112.465279
19649.047852	-112.838799
19659.814453	-112.510460
19670.581055	-112.577705
19681.347656	-112.998833
19692.114258	-112.891548
19702.880859	-113.482765
19713.647461	-113.536018
19724.414062	-113.245285
19735.180664	-113.523453
19745.947266	-113.197227
19756.713867	-113.686562
19767.480469	-113.747887
19778.247070	-113.870132
19789.013672	-113.963707
19799.780273	-113.674644
19810.546875	-113.017174
19821.313477	-112.830338
19832.080078	-113.254990
19842.846680	-113.532265
19853.613281	-113.156319
19864.379883	-113.338921
19875.146484	-113.216843
19885.913086	-113.225632
19896.679688	-113.421524
19907.446289	-112.991341
19918.212891	-113.258537
19928.979492	-113.159912
19939.746094	-113.020218
19950.512695	-112.682251
19961.279297	-112.693314
19972.045898	-113.000046
19982.812500	-112.976028
19993.579102	-113.064194
20004.345703	-113.216797
20015.112305	-113.275047
20025.878906	-112.756058
20036.645508	-112.897667
20047.412109	-113.241386
20058.178711	-113.132439
20068.945312	-112.187630
20079.711914	-112.644333
20090.478516	-113.398010
20101.245117	-113.097557
20112.011719	-113.436287
20122.778320	-113.536919
20133.544922	-113.347092
20144.311523	-113.220833
20155.078125	-113.705505
20165.844727	-113.280975
20176.611328	-113.310951
20187.377930	-113.486252
20198.144531	-113.091370
20208.911133	-112.608948
20219.677734	-113.432465
20230.444336	-113.475410
20241.210938	-113.694130
20251.977539	-113.185173
20262.744141	-112.633377
20273.510742	-113.029945
20284.277344	-112.931480
20295.043945	-112.455627
20305.810547	-112.904564
20316.577148	-112.801895
20327.343750	-112.832397
20338.110352	-113.754349
20348.876953	-113.028931
20359.643555	-112.746597
20370.410156	-112.843811
20381.176758	-112.567467
20391.943359	-112.655396
20402.709961	-112.379707
20413.476562	-112.649818
20424.243164	-112.485016
20435.009766	-112.511948
20445.776367	-113.225769
20456.542969	-113.027908
20467.309570	-112.409508
20478.076172	-113.196823
20488.842773	-112.654778
20499.609375	-112.273232
20510.375977	-112.409500
20521.142578	-113.430107
20531.909180	-114.174210
20542.675781	-113.798393
20553.442383	-113.398178
20564.208984	-112.911911
20574.975586	-112.948051
20585.742188	-113.195206
20596.508789	-113.164566
20607.275391	-113.173141
20618.041992	-113.075623
20628.808594	-113.226196
20639.575195	-113.618690
20650.341797	-112.964264
20661.108398	-112.981133
20671.875000	-112.808128
20682.641602	-112.715744
20693.408203	-113.136559
20704.174805	-113.038834
20714.941406	-112.819809
20725.708008	-113.416367
20736.474609	-113.208084
20747.241211	-112.761284
20758.007812	-112.813210
20768.774414	-112.358177
20779.541016	-112.406296
20790.307617	-113.239555
20801.074219	-113.306747
20811.840820	-113.328720
20822.607422	-113.105965
20833.374023	-112.557915
20844.140625	-112.701599
20854.907227	-112.629265
20865.673828	-113.029091
20876.440430	-113.139992
20887.207031	-113.171455
20897.973633	-112.854660
20908.740234	-112.922661
20919.506836	-113.128326
20930.273438	-112.935547
20941.040039	-113.279358
20951.806641	-113.324547
20962.573242	-113.143906
20973.339844	-113.207512
20984.106445	-113.761955
20994.873047	-113.823547
21005.639648	-113.388855
21016.406250	-112.899757
21027.172852	-112.448303
21037.939453	-112.686523
21048.706055	-112.985428
21059.472656	-113.147362
21070.239258	-112.355400
21081.005859	-112.898720
21091.772461	-113.238640
21102.539062	-112.563431
21113.305664	-113.190720
21124.072266	-112.916382
21134.838867	-112.733360
21145.605469	-113.342590
21156.372070	-112.459396
21167.138672	-112.144951
21177.905273	-112.750114
21188.671875	-112.973396
21199.438477	-112.851761
21210.205078	-112.407799
21220.971680	-112.208542
21231.738281	-112.985497
21242.504883	-112.388908
21253.271484	-112.423279
21264.038086	-112.155403
21274.804688	-112.286011
21285.571289	-112.761597
21296.337891	-112.629852
21307.104492	-112.869904
21317.871094	-113.021088
21328.637695	-113.114571
21339.404297	-112.622620
21350.170898	-112.213341
21360.937500	-112.521133
21371.704102	-112.861954
21382.470703	-113.088966
21393.237305	-112.864655
21404.003906	-112.449638
21414.770508	-112.943260
21425.537109	-113.162872
21436.303711	-113.151421
21447.070312	-112.934814
21457.836914	-112.694328
21468.603516	-113.001030
21479.370117	-113.222191
21490.136719	-113.243118
21500.903320	-113.187477
21511.669922	-112.752251
21522.436523	-112.931595
21533.203125	-112.893784
21543.969727	-113.563583
21554.736328	-113.019150
21565.502930	-112.872353
21576.269531	-112.675644
21587.036133	-112.349739
21597.802734	-112.745827
21608.569336	-112.806831
21619.335938	-113.198921
21630.102539	-112.894333
21640.869141	-112.335953
21651.635742	-112.376305
21662.402344	-112.273712
21673.168945	-112.870796
21683.935547	-113.005249
21694.702148	-112.672325
21705.468750	-112.233391
21716.235352	-112.027840
21727.001953	-112.559883
21737.768555	-112.827553
21748.535156	-112.989662
21759.301758	-112.836098
21770.068359	-112.788826
21780.834961	-112.837921
21791.601562	-112.893883
21802.368164	-112.361710
21813.134766	-112.830666
21823.901367	-113.055595
21834.667969	-113.141998
21845.434570	-113.192543
21856.201172	-112.537132
21866.967773	-112.246506
21877.734375	-112.755203
21888.500977	-112.802582
21899.267578	-112.491722
21910.034180	-112.309067
21920.800781	-112.966614
21931.567383	-113.090981
21942.333984	-113.687279
21953.100586	-113.255447
21963.867188	-112.696266
21974.633789	-112.863503
21985.400391	-112.948380
21996.166992	-113.017426
22006.933594	-112.560158
22017.700195	-112.796715
22028.466797	-113.194801
22039.233398	-112.926659
