Frequency (Hz)	Level (dB)
10.766602	-27.045942
21.533203	-31.937582
32.299805	-34.835514
43.066406	-36.469002
53.833008	-37.590527
64.599609	-38.371708
75.366211	-38.690414
86.132812	-39.344978
96.899414	-40.089035
107.666016	-40.337349
118.432617	-41.198814
129.199219	-41.722610
139.965820	-42.264931
150.732422	-42.329254
161.499023	-42.371731
172.265625	-43.121170
183.032227	-43.196663
193.798828	-43.279747
204.565430	-43.470798
215.332031	-44.035858
226.098633	-44.842934
236.865234	-45.335533
247.631836	-44.757324
258.398438	-45.060577
269.165039	-45.727959
279.931641	-45.556229
290.698242	-45.921432
301.464844	-45.843891
312.231445	-46.014641
322.998047	-46.211246
333.764648	-46.849644
344.531250	-46.894485
355.297852	-47.150757
366.064453	-46.932606
376.831055	-47.541225
387.597656	-47.276031
398.364258	-46.620129
409.130859	-46.965027
419.897461	-47.755138
430.664062	-48.429535
441.430664	-48.020443
452.197266	-47.960873
462.963867	-47.971874
473.730469	-48.105038
484.497070	-48.347397
495.263672	-48.196411
506.030273	-48.573158
516.796875	-48.825680
527.563477	-47.391506
538.330078	-48.063694
549.096680	-49.548912
559.863281	-49.090515
570.629883	-48.967705
581.396484	-49.006714
592.163086	-49.311687
602.929688	-49.597591
613.696289	-49.762871
624.462891	-49.783466
635.229492	-49.660854
645.996094	-49.248810
656.762695	-45.104729
667.529297	-44.484741
678.295898	-49.017872
689.062500	-50.331654
699.829102	-50.446594
710.595703	-50.092300
721.362305	-50.195606
732.128906	-50.841534
742.895508	-50.679642
753.662109	-50.544628
764.428711	-50.447277
775.195312	-48.395363
785.961914	-42.318272
796.728516	-39.090820
807.495117	-45.554691
818.261719	-51.295044
829.028320	-51.265289
839.794922	-50.796463
850.561523	-50.518547
861.328125	-50.681206
872.094727	-51.559093
882.861328	-51.255337
893.627930	-51.286198
904.394531	-51.366772
915.161133	-50.460312
925.927734	-46.457962
936.694336	-48.115845
947.460938	-51.486713
958.227539	-51.616199
968.994141	-52.224590
979.760742	-52.144402
990.527344	-52.197632
1001.293945	-52.307247
1012.060547	-52.617004
1022.827148	-53.052742
1033.593750	-52.869987
1044.360352	-51.965374
1055.126953	-49.107689
1065.893555	-49.315582
1076.660156	-52.636192
1087.426758	-52.706608
1098.193359	-52.660675
1108.959961	-52.757172
1119.726562	-52.798859
1130.493164	-52.700565
1141.259766	-52.581596
1152.026367	-53.093266
1162.792969	-52.881824
1173.559570	-50.244183
1184.326172	-31.097048
1195.092773	-26.866287
1205.859375	-34.472439
1216.625977	-48.282665
1227.392578	-50.396416
1238.159180	-51.403103
1248.925781	-51.515770
1259.692383	-50.743809
1270.458984	-50.806267
1281.225586	-49.659828
1291.992188	-48.863377
1302.758789	-49.944618
1313.525391	-45.030197
1324.291992	-38.055035
1335.058594	-41.662746
1345.825195	-52.770073
1356.591797	-53.460201
1367.358398	-53.428257
1378.125000	-53.494598
1388.891602	-52.991138
1399.658203	-53.206234
1410.424805	-53.855423
1421.191406	-53.184978
1431.958008	-53.540176
1442.724609	-52.908634
1453.491211	-46.501312
1464.257812	-46.506886
1475.024414	-53.138744
1485.791016	-54.568035
1496.557617	-54.684692
1507.324219	-54.276932
1518.090820	-54.394077
1528.857422	-53.962337
1539.624023	-53.761181
1550.390625	-53.694855
1561.157227	-54.145962
1571.923828	-53.793224
1582.690430	-45.541252
1593.457031	-42.147602
1604.223633	-48.707073
1614.990234	-54.396687
1625.756836	-54.769009
1636.523438	-54.657848
1647.290039	-54.672436
1658.056641	-54.833431
1668.823242	-54.133808
1679.589844	-53.299820
1690.356445	-53.296467
1701.123047	-53.184483
1711.889648	-41.012959
1722.656250	-33.370750
1733.422852	-37.483566
1744.189453	-53.817997
1754.956055	-55.026958
1765.722656	-54.477772
1776.489258	-54.854866
1787.255859	-54.939060
1798.022461	-54.202133
1808.789062	-53.076633
1819.555664	-52.853710
1830.322266	-53.537937
1841.088867	-47.758408
1851.855469	-37.141060
1862.622070	-37.543190
1873.388672	-48.746628
1884.155273	-53.217598
1894.921875	-54.108692
1905.688477	-54.203629
1916.455078	-54.274769
1927.221680	-53.844299
1937.988281	-52.918350
1948.754883	-51.454521
1959.521484	-49.351685
1970.288086	-44.995926
1981.054688	-27.713886
1991.821289	-24.576078
2002.587891	-33.594242
2013.354492	-49.232922
2024.121094	-52.551250
2034.887695	-53.279819
2045.654297	-54.510078
2056.420898	-54.017540
2067.187500	-52.954918
2077.954102	-53.410992
2088.720703	-54.334373
2099.487305	-54.322075
2110.253906	-42.210281
2121.020508	-35.007164
2131.787109	-39.372471
2142.553711	-53.681870
2153.320312	-55.537205
2164.086914	-56.133377
2174.853516	-56.332184
2185.620117	-56.592949
2196.386719	-55.329384
2207.153320	-54.762726
2217.919922	-53.943058
2228.686523	-51.994110
2239.453125	-43.698803
2250.219727	-33.273270
2260.986328	-34.405407
2271.752930	-47.809643
2282.519531	-52.988052
2293.286133	-53.415897
2304.052734	-52.641296
2314.819336	-52.135277
2325.585938	-52.725441
2336.352539	-53.639614
2347.119141	-53.867340
2357.885742	-53.079231
2368.652344	-51.342014
2379.418945	-36.799000
2390.185547	-34.262432
2400.952148	-43.547363
2411.718750	-53.937771
2422.485352	-55.388775
2433.251953	-55.599201
2444.018555	-55.898647
2454.785156	-55.185059
2465.551758	-53.836857
2476.318359	-53.050976
2487.084961	-52.048824
2497.851562	-49.467690
2508.618164	-34.623505
2519.384766	-28.042488
2530.151367	-33.094746
2540.917969	-51.239937
2551.684570	-54.348297
2562.451172	-55.115910
2573.217773	-55.640335
2583.984375	-55.351898
2594.750977	-55.860958
2605.517578	-55.639988
2616.284180	-54.038822
2627.050781	-49.627972
2637.817383	-36.467335
2648.583984	-25.255449
2659.350586	-26.659721
2670.117188	-41.801350
2680.883789	-50.561401
2691.650391	-53.747803
2702.416992	-55.108795
2713.183594	-55.435638
2723.950195	-54.736443
2734.716797	-54.377365
2745.483398	-54.535812
2756.250000	-53.043205
2767.016602	-46.813099
2777.783203	-32.129230
2788.549805	-30.046612
2799.316406	-40.170296
2810.083008	-54.942539
2820.849609	-56.139942
2831.616211	-56.627151
2842.382812	-56.324997
2853.149414	-55.922672
2863.916016	-56.445820
2874.682617	-55.423168
2885.449219	-52.830883
2896.215820	-49.588413
2906.982422	-34.040783
2917.749023	-27.990110
2928.515625	-33.629082
2939.282227	-50.471344
2950.048828	-53.285114
2960.815430	-55.261280
2971.582031	-57.198753
2982.348633	-56.743084
2993.115234	-55.496052
3003.881836	-54.002369
3014.648438	-53.221123
3025.415039	-53.593338
3036.181641	-47.925690
3046.948242	-39.238678
3057.714844	-41.044540
3068.481445	-51.650688
3079.248047	-53.834984
3090.014648	-55.406204
3100.781250	-56.244381
3111.547852	-56.269321
3122.314453	-56.687355
3133.081055	-57.140804
3143.847656	-57.518116
3154.614258	-57.354542
3165.380859	-55.743790
3176.147461	-45.646252
3186.914062	-44.014538
3197.680664	-52.075500
3208.447266	-56.332932
3219.213867	-57.147930
3229.980469	-57.636684
3240.747070	-57.208881
3251.513672	-57.157127
3262.280273	-56.769371
3273.046875	-56.411255
3283.813477	-56.917233
3294.580078	-56.220921
3305.346680	-42.641541
3316.113281	-37.310455
3326.879883	-43.248222
3337.646484	-54.983246
3348.413086	-56.489056
3359.179688	-57.056141
3369.946289	-57.778355
3380.712891	-56.851257
3391.479492	-56.351524
3402.246094	-56.452160
3413.012695	-56.015247
3423.779297	-54.757862
3434.545898	-41.951912
3445.312500	-32.489456
3456.079102	-34.875568
3466.845703	-49.647259
3477.612305	-53.596386
3488.378906	-52.684200
3499.145508	-52.028496
3509.912109	-52.370258
3520.678711	-52.791389
3531.445312	-52.276405
3542.211914	-51.129082
3552.978516	-50.201210
3563.745117	-44.383621
3574.511719	-31.830805
3585.278320	-30.819920
3596.044922	-40.930599
3606.811523	-48.724209
3617.578125	-50.716400
3628.344727	-51.093327
3639.111328	-50.712349
3649.877930	-49.768261
3660.644531	-49.779346
3671.411133	-48.879654
3682.177734	-47.192558
3692.944336	-46.080173
3703.710938	-35.053894
3714.477539	-30.662220
3725.244141	-37.246563
3736.010742	-47.909824
3746.777344	-49.420876
3757.543945	-49.836979
3768.310547	-51.967331
3779.077148	-53.335091
3789.843750	-53.165752
3800.610352	-53.571545
3811.376953	-54.269054
3822.143555	-46.401600
3832.910156	-40.103554
3843.676758	-40.821457
3854.443359	-45.450111
3865.209961	-54.890381
3875.976562	-56.291988
3886.743164	-57.582653
3897.509766	-58.505146
3908.276367	-58.683781
3919.042969	-58.550175
3929.809570	-58.379414
3940.576172	-58.436962
3951.342773	-57.447258
3962.109375	-51.310963
3972.875977	-49.101482
3983.642578	-50.764179
3994.409180	-58.181046
4005.175781	-59.470539
4015.942383	-59.189526
4026.708984	-59.885944
4037.475586	-60.225571
4048.242188	-59.857903
4059.008789	-59.994572
4069.775391	-59.812069
4080.541992	-59.692955
4091.308594	-59.635780
4102.075195	-58.733963
4112.841797	-58.027645
4123.608398	-59.569157
4134.375000	-59.658627
4145.141602	-59.079868
4155.908203	-59.726974
4166.674805	-60.530632
4177.441406	-59.908855
4188.208008	-60.396183
4198.974609	-59.911926
4209.741211	-59.738991
4220.507812	-60.059849
4231.274414	-60.179073
4242.041016	-60.073689
4252.807617	-59.874149
4263.574219	-60.637524
4274.340820	-60.762440
4285.107422	-60.004364
4295.874023	-60.017467
4306.640625	-60.142277
4317.407227	-59.986420
4328.173828	-60.226013
4338.940430	-60.168304
4349.707031	-60.347145
4360.473633	-60.200794
4371.240234	-60.006729
4382.006836	-60.107586
4392.773438	-60.435036
4403.540039	-60.449917
4414.306641	-60.151615
4425.073242	-60.608337
4435.839844	-60.940765
4446.606445	-60.316967
4457.373047	-60.107941
4468.139648	-60.118336
4478.906250	-60.467243
4489.672852	-60.270039
4500.439453	-59.660469
4511.206055	-58.931755
4521.972656	-59.785656
4532.739258	-59.955128
4543.505859	-60.034367
4554.272461	-60.717731
4565.039062	-60.786697
4575.805664	-60.504635
4586.572266	-60.347256
4597.338867	-60.915623
4608.105469	-61.099285
4618.872070	-60.636024
4629.638672	-59.865658
4640.405273	-56.163105
4651.171875	-58.334034
4661.938477	-60.593330
4672.705078	-60.472057
4683.471680	-60.493629
4694.238281	-60.491714
4705.004883	-60.451416
4715.771484	-60.291607
4726.538086	-60.088669
4737.304688	-60.030239
4748.071289	-60.568653
4758.837891	-60.825760
4769.604492	-58.683662
4780.371094	-58.996464
4791.137695	-60.392620
4801.904297	-60.225578
4812.670898	-60.118896
4823.437500	-60.483727
4834.204102	-60.663696
4844.970703	-60.849888
4855.737305	-60.631432
4866.503906	-60.926300
4877.270508	-60.744850
4888.037109	-60.747368
4898.803711	-60.026546
4909.570312	-59.541077
4920.336914	-61.103668
4931.103516	-60.811028
4941.870117	-60.686218
4952.636719	-60.837204
4963.403320	-60.920509
4974.169922	-60.904640
4984.936523	-60.873074
4995.703125	-60.094383
5006.469727	-60.806435
5017.236328	-61.160946
5028.002930	-61.083870
5038.769531	-60.958061
5049.536133	-60.932320
5060.302734	-60.939243
5071.069336	-60.968430
5081.835938	-60.626606
5092.602539	-60.121506
5103.369141	-60.418545
5114.135742	-61.432987
5124.902344	-61.380302
5135.668945	-61.183895
5146.435547	-60.807499
5157.202148	-61.024311
5167.968750	-59.811600
5178.735352	-59.374119
5189.501953	-60.448235
5200.268555	-61.118870
5211.035156	-61.724770
5221.801758	-61.788933
5232.568359	-61.270767
5243.334961	-60.825512
5254.101562	-60.618591
5264.868164	-61.156834
5275.634766	-61.147938
5286.401367	-61.055130
5297.167969	-59.957722
5307.934570	-59.212616
5318.701172	-61.026417
5329.467773	-61.649689
5340.234375	-62.180519
5351.000977	-61.622276
5361.767578	-61.170506
5372.534180	-60.994759
5383.300781	-60.754234
5394.067383	-61.102623
5404.833984	-61.229927
5415.600586	-61.427967
5426.367188	-59.790207
5437.133789	-56.730274
5447.900391	-59.386566
5458.666992	-61.747463
5469.433594	-61.473499
5480.200195	-61.013195
5490.966797	-60.791859
5501.733398	-60.782024
5512.500000	-61.102562
5523.266602	-61.159977
5534.033203	-60.747078
5544.799805	-60.452171
5555.566406	-60.297951
5566.333008	-58.485916
5577.099609	-59.276096
5587.866211	-61.601910
5598.632812	-61.378029
5609.399414	-61.448952
5620.166016	-61.633507
5630.932617	-61.213276
5641.699219	-61.445999
5652.465820	-61.497498
5663.232422	-61.073296
5673.999023	-61.248936
5684.765625	-61.632202
5695.532227	-60.377171
5706.298828	-59.300858
5717.065430	-60.847031
5727.832031	-61.334526
5738.598633	-61.820480
5749.365234	-61.549431
5760.131836	-61.745827
5770.898438	-61.273174
5781.665039	-61.289402
5792.431641	-61.546982
5803.198242	-61.751343
5813.964844	-61.929478
5824.731445	-61.656006
5835.498047	-60.771194
5846.264648	-61.322384
5857.031250	-61.459042
5867.797852	-61.627014
5878.564453	-61.974861
5889.331055	-62.250332
5900.097656	-62.086933
5910.864258	-61.740482
5921.630859	-61.224571
5932.397461	-61.307198
5943.164062	-61.968761
5953.930664	-61.789242
5964.697266	-60.310055
5975.463867	-61.266594
5986.230469	-61.929920
5996.997070	-61.600887
6007.763672	-61.319530
6018.530273	-61.625565
6029.296875	-61.675014
6040.063477	-61.585781
6050.830078	-61.968662
6061.596680	-61.909847
6072.363281	-61.940800
6083.129883	-61.939739
6093.896484	-61.195145
6104.663086	-60.790482
6115.429688	-61.339325
6126.196289	-61.515141
6136.962891	-61.313000
6147.729492	-61.725452
6158.496094	-61.616486
6169.262695	-61.901112
6180.029297	-62.268589
6190.795898	-62.251469
6201.562500	-61.499577
6212.329102	-62.192642
6223.095703	-61.495495
6233.862305	-59.614578
6244.628906	-61.236969
6255.395508	-62.100441
6266.162109	-62.064541
6276.928711	-61.079124
6287.695312	-61.452183
6298.461914	-61.454529
6309.228516	-61.307652
6319.995117	-61.955860
6330.761719	-62.111488
6341.528320	-62.021511
6352.294922	-61.803986
6363.061523	-60.153316
6373.828125	-61.013374
6384.594727	-62.259712
6395.361328	-62.212261
6406.127930	-62.052105
6416.894531	-62.373867
6427.661133	-61.950424
6438.427734	-62.008636
6449.194336	-62.431534
6459.960938	-62.068439
6470.727539	-62.046112
6481.494141	-62.210808
6492.260742	-61.274117
6503.027344	-61.121914
6513.793945	-62.103249
6524.560547	-62.149033
6535.327148	-62.312527
6546.093750	-62.186054
6556.860352	-62.476589
6567.626953	-62.888523
6578.393555	-62.530392
6589.160156	-62.611061
6599.926758	-62.483261
6610.693359	-62.541828
6621.459961	-62.235443
6632.226562	-61.144058
6642.993164	-61.629349
6653.759766	-61.804836
6664.526367	-62.088024
6675.292969	-62.129951
6686.059570	-61.891884
6696.826172	-62.143925
6707.592773	-62.214439
6718.359375	-62.278309
6729.125977	-62.408329
6739.892578	-62.421040
6750.659180	-62.247890
6761.425781	-62.178719
6772.192383	-62.842216
6782.958984	-62.666954
6793.725586	-62.663788
6804.492188	-62.319210
6815.258789	-62.416164
6826.025391	-62.501255
6836.791992	-62.583099
6847.558594	-62.428154
6858.325195	-62.101521
6869.091797	-62.119911
6879.858398	-62.151958
6890.625000	-62.377598
6901.391602	-62.467571
6912.158203	-62.274342
6922.924805	-62.288914
6933.691406	-62.442883
6944.458008	-62.778606
6955.224609	-62.655106
6965.991211	-62.578850
6976.757812	-62.648361
6987.524414	-62.833542
6998.291016	-62.919132
7009.057617	-62.707054
7019.824219	-62.188908
7030.590820	-62.318661
7041.357422	-62.710930
7052.124023	-62.906433
7062.890625	-62.850014
7073.657227	-62.926292
7084.423828	-63.075405
7095.190430	-62.572109
7105.957031	-62.566521
7116.723633	-62.696812
7127.490234	-62.718941
7138.256836	-62.404171
7149.023438	-63.018257
7159.790039	-62.653725
7170.556641	-62.686172
7181.323242	-63.103737
7192.089844	-62.833473
7202.856445	-62.646629
7213.623047	-62.800411
7224.389648	-62.817200
7235.156250	-62.612221
7245.922852	-62.721001
7256.689453	-63.536705
7267.456055	-62.945759
7278.222656	-62.777340
7288.989258	-62.188835
7299.755859	-62.168980
7310.522461	-62.859871
7321.289062	-62.388626
7332.055664	-62.393940
7342.822266	-62.753777
7353.588867	-62.952106
7364.355469	-62.417637
7375.122070	-62.870533
7385.888672	-63.449993
7396.655273	-63.676434
7407.421875	-63.699005
7418.188477	-62.669575
7428.955078	-62.311974
7439.721680	-62.733368
7450.488281	-62.434341
7461.254883	-62.472080
7472.021484	-63.006744
7482.788086	-62.654339
7493.554688	-62.584145
7504.321289	-62.391064
7515.087891	-63.188240
7525.854492	-63.022446
7536.621094	-62.695820
7547.387695	-62.848057
7558.154297	-62.913532
7568.920898	-62.871731
7579.687500	-62.914268
7590.454102	-63.174812
7601.220703	-62.814999
7611.987305	-62.580452
7622.753906	-62.965771
7633.520508	-63.245403
7644.287109	-62.829239
7655.053711	-62.081837
7665.820312	-62.768318
7676.586914	-62.739742
7687.353516	-63.315296
7698.120117	-62.856911
7708.886719	-62.739571
7719.653320	-63.201176
7730.419922	-63.183552
7741.186523	-62.919701
7751.953125	-62.411861
7762.719727	-62.774277
7773.486328	-63.193829
7784.252930	-63.191669
7795.019531	-62.881409
7805.786133	-62.744244
7816.552734	-62.673485
7827.319336	-62.692986
7838.085938	-62.785954
7848.852539	-62.626308
7859.619141	-62.580433
7870.385742	-63.021698
7881.152344	-62.943722
7891.918945	-62.694908
7902.685547	-63.130714
7913.452148	-63.117599
7924.218750	-62.869133
7934.985352	-63.092369
7945.751953	-62.895069
7956.518555	-62.784157
7967.285156	-63.367626
7978.051758	-63.370010
7988.818359	-62.979633
7999.584961	-62.538578
8010.351562	-62.652603
8021.118164	-63.186131
8031.884766	-63.372318
8042.651367	-63.393154
8053.417969	-63.519608
8064.184570	-63.252232
8074.951172	-63.167919
8085.717773	-62.854298
8096.484375	-62.781376
8107.250977	-63.066578
8118.017578	-62.927647
8128.784180	-62.819199
8139.550781	-63.348923
8150.317383	-63.386185
8161.083984	-63.375145
8171.850586	-63.063190
8182.617188	-62.576359
8193.383789	-62.903347
8204.150391	-63.045536
8214.916992	-63.397072
8225.683594	-63.750359
8236.450195	-63.698753
8247.216797	-63.329578
8257.983398	-63.019981
8268.750000	-63.120522
8279.516602	-63.281261
8290.283203	-63.557701
8301.049805	-63.648952
8311.816406	-63.726868
8322.583008	-63.716145
8333.349609	-63.056488
8344.116211	-63.330223
8354.882812	-63.360229
8365.649414	-63.588120
8376.416016	-63.210930
8387.182617	-63.359749
8397.949219	-63.149883
8408.715820	-63.189518
8419.482422	-63.400795
8430.249023	-62.665577
8441.015625	-63.100830
8451.782227	-63.280682
8462.548828	-63.741203
8473.315430	-63.529881
8484.082031	-63.121857
8494.848633	-63.491653
8505.615234	-63.284958
8516.381836	-62.990253
8527.148438	-62.842304
8537.915039	-63.182156
8548.681641	-62.773666
8559.448242	-62.634705
8570.214844	-63.625412
8580.981445	-63.813892
8591.748047	-63.385002
8602.514648	-63.212360
8613.281250	-62.698353
8624.047852	-62.923561
8634.814453	-63.054916
8645.581055	-63.385727
8656.347656	-63.473938
8667.114258	-63.037781
8677.880859	-63.470230
8688.647461	-63.980740
8699.414062	-63.774750
8710.180664	-63.459938
8720.947266	-63.491142
8731.713867	-63.766178
8742.480469	-63.408455
8753.247070	-63.428303
8764.013672	-63.310574
8774.780273	-63.557137
8785.546875	-63.507965
8796.313477	-63.243301
8807.080078	-63.884201
8817.846680	-63.684963
8828.613281	-63.693409
8839.379883	-63.672646
8850.146484	-63.847370
8860.913086	-63.640648
8871.679688	-63.161102
8882.446289	-63.333218
8893.212891	-63.529255
8903.979492	-64.208878
8914.746094	-64.316643
8925.512695	-64.207527
8936.279297	-63.989906
8947.045898	-63.944881
8957.812500	-63.796112
8968.579102	-64.051765
8979.345703	-63.639526
8990.112305	-63.469967
9000.878906	-63.752289
9011.645508	-63.948471
9022.412109	-64.313293
9033.178711	-64.501999
9043.945312	-64.356865
9054.711914	-63.671909
9065.478516	-63.249382
9076.245117	-63.362770
9087.011719	-63.747978
9097.778320	-64.035332
9108.544922	-63.956894
9119.311523	-63.642582
9130.078125	-63.737831
9140.844727	-63.516113
9151.611328	-63.317150
9162.377930	-63.521980
9173.144531	-63.790001
9183.911133	-63.947697
9194.677734	-63.550053
9205.444336	-63.406193
9216.210938	-63.180210
9226.977539	-63.250362
9237.744141	-63.988930
9248.510742	-63.735657
9259.277344	-63.934479
9270.043945	-63.653435
9280.810547	-63.267971
9291.577148	-63.624714
9302.343750	-63.764496
9313.110352	-63.892879
9323.876953	-64.277840
9334.643555	-64.889107
9345.410156	-64.076241
9356.176758	-63.556763
9366.943359	-63.729683
9377.709961	-63.635822
9388.476562	-63.972160
9399.243164	-63.838299
9410.009766	-63.689888
9420.776367	-63.624882
9431.542969	-63.801857
9442.309570	-64.016380
9453.076172	-64.720100
9463.842773	-64.292976
9474.609375	-64.152130
9485.375977	-64.130470
9496.142578	-64.123039
9506.909180	-64.196541
9517.675781	-64.194550
9528.442383	-63.840572
9539.208984	-64.353157
9549.975586	-64.454651
9560.742188	-64.247681
9571.508789	-63.860134
9582.275391	-63.713573
9593.041992	-64.505188
9603.808594	-64.722000
9614.575195	-64.116364
9625.341797	-64.231728
9636.108398	-64.267448
9646.875000	-64.664375
9657.641602	-64.042870
9668.408203	-63.662579
9679.174805	-63.587219
9689.941406	-63.714157
9700.708008	-63.776070
9711.474609	-64.522484
9722.241211	-64.438675
9733.007812	-63.989624
9743.774414	-63.931053
9754.541016	-64.278122
9765.307617	-64.572212
9776.074219	-64.081459
9786.840820	-63.641666
9797.607422	-63.712421
9808.374023	-63.591728
9819.140625	-63.367233
9829.907227	-63.884258
9840.673828	-64.148674
9851.440430	-63.625744
9862.207031	-64.033554
9872.973633	-64.014870
9883.740234	-63.730621
9894.506836	-64.364151
9905.273438	-64.198143
9916.040039	-63.878315
9926.806641	-64.240715
9937.573242	-64.112976
9948.339844	-63.630081
9959.106445	-64.082039
9969.873047	-64.074020
9980.639648	-63.999016
9991.406250	-64.420845
10002.172852	-64.319725
10012.939453	-64.702080
10023.706055	-65.274429
10034.472656	-64.724297
10045.239258	-64.396431
10056.005859	-64.384254
10066.772461	-64.717865
10077.539062	-64.511246
10088.305664	-64.145668
10099.072266	-64.306938
10109.838867	-64.052139
10120.605469	-64.271568
10131.372070	-64.042107
10142.138672	-64.335831
10152.905273	-64.115166
10163.671875	-64.121681
10174.438477	-64.466156
10185.205078	-64.595360
10195.971680	-63.829395
10206.738281	-64.099968
10217.504883	-64.303574
10228.271484	-64.285477
10239.038086	-64.131264
10249.804688	-64.281799
10260.571289	-64.903641
10271.337891	-64.302101
10282.104492	-64.059814
10292.871094	-64.193542
10303.637695	-64.787537
10314.404297	-64.767868
10325.170898	-64.539116
10335.937500	-64.447517
10346.704102	-64.987350
10357.470703	-64.281746
10368.237305	-64.351646
10379.003906	-64.388145
10389.770508	-64.174240
10400.537109	-64.640594
10411.303711	-64.572960
10422.070312	-64.123146
10432.836914	-63.987560
10443.603516	-63.759029
10454.370117	-64.380348
10465.136719	-64.448349
10475.903320	-64.295143
10486.669922	-64.747597
10497.436523	-64.785736
10508.203125	-63.859837
10518.969727	-63.872520
10529.736328	-63.847061
10540.502930	-63.946678
10551.269531	-64.046913
10562.036133	-64.262268
10572.802734	-64.308632
10583.569336	-64.361626
10594.335938	-64.144150
10605.102539	-63.720112
10615.869141	-64.214752
10626.635742	-64.758949
10637.402344	-64.688820
10648.168945	-64.791138
10658.935547	-64.547760
10669.702148	-64.459160
10680.468750	-64.180428
10691.235352	-64.379974
10702.001953	-64.589600
10712.768555	-64.839500
10723.535156	-64.959206
10734.301758	-64.798264
10745.068359	-64.970039
10755.834961	-65.110489
10766.601562	-64.829483
10777.368164	-65.056252
10788.134766	-65.339317
10798.901367	-64.395676
10809.667969	-64.900398
10820.434570	-64.854126
10831.201172	-64.860939
10841.967773	-64.764748
10852.734375	-64.203705
10863.500977	-64.416992
10874.267578	-64.168808
10885.034180	-64.347046
10895.800781	-64.401024
10906.567383	-64.716629
10917.333984	-65.097351
10928.100586	-64.583557
10938.867188	-64.496635
10949.633789	-64.802895
10960.400391	-64.855133
10971.166992	-65.089844
10981.933594	-64.634888
10992.700195	-64.500191
11003.466797	-64.653358
11014.233398	-64.643913
11025.000000	-65.065056
11035.766602	-65.033432
11046.533203	-64.337517
11057.299805	-64.738571
11068.066406	-64.421608
11078.833008	-64.560760
11089.599609	-64.539291
11100.366211	-64.349510
11111.132812	-64.720963
11121.899414	-65.028404
11132.666016	-65.015327
11143.432617	-64.029251
11154.199219	-64.182022
11164.965820	-64.284698
11175.732422	-64.623413
11186.499023	-64.370270
11197.265625	-64.386826
11208.032227	-65.120071
11218.798828	-65.470749
11229.565430	-64.608269
11240.332031	-64.798401
11251.098633	-64.768776
11261.865234	-65.100594
11272.631836	-64.453415
11283.398438	-64.772362
11294.165039	-65.235580
11304.931641	-65.269020
11315.698242	-65.484886
11326.464844	-65.613609
11337.231445	-65.098015
11347.998047	-64.661919
11358.764648	-64.943817
11369.531250	-65.152290
11380.297852	-65.224098
11391.064453	-64.687035
11401.831055	-64.361618
11412.597656	-64.774101
11423.364258	-65.135277
11434.130859	-65.105797
11444.897461	-64.954819
11455.664062	-64.895119
11466.430664	-65.187172
11477.197266	-65.006195
11487.963867	-64.856781
11498.730469	-64.353493
11509.497070	-64.442711
11520.263672	-64.628510
11531.030273	-64.627777
11541.796875	-64.610062
11552.563477	-64.268250
11563.330078	-64.503738
11574.096680	-65.186531
11584.863281	-65.408920
11595.629883	-64.827164
11606.396484	-64.553864
11617.163086	-64.620422
11627.929688	-64.696518
11638.696289	-64.737000
11649.462891	-64.784019
11660.229492	-64.960579
11670.996094	-64.741524
11681.762695	-64.663490
11692.529297	-64.270905
11703.295898	-64.461342
11714.062500	-64.925667
11724.829102	-65.260712
11735.595703	-65.336807
11746.362305	-65.057259
11757.128906	-65.261520
11767.895508	-64.999924
11778.662109	-65.428833
11789.428711	-65.534668
11800.195312	-65.563759
11810.961914	-65.771317
11821.728516	-65.625122
11832.495117	-65.127670
11843.261719	-64.934921
11854.028320	-64.872047
11864.794922	-64.719826
11875.561523	-65.007568
11886.328125	-65.253044
11897.094727	-65.083008
11907.861328	-65.302299
11918.627930	-65.114677
11929.394531	-64.830109
11940.161133	-64.990639
11950.927734	-64.767372
11961.694336	-65.003212
11972.460938	-64.641449
11983.227539	-64.574829
11993.994141	-64.535538
12004.760742	-64.277168
12015.527344	-64.750122
12026.293945	-64.655479
12037.060547	-64.066605
12047.827148	-64.342796
12058.593750	-64.553040
12069.360352	-64.615028
12080.126953	-64.646584
12090.893555	-64.536087
12101.660156	-64.614143
12112.426758	-64.861351
12123.193359	-65.206100
12133.959961	-65.304070
12144.726562	-65.348991
12155.493164	-65.230675
12166.259766	-65.124977
12177.026367	-65.290359
12187.792969	-65.209206
12198.559570	-65.095039
12209.326172	-64.998100
12220.092773	-64.812828
12230.859375	-65.243301
12241.625977	-65.593857
12252.392578	-65.276314
12263.159180	-64.845245
12273.925781	-64.925133
12284.692383	-64.927406
12295.458984	-64.530785
12306.225586	-64.793930
12316.992188	-65.324257
12327.758789	-64.935776
12338.525391	-64.877838
12349.291992	-65.280167
12360.058594	-65.048363
12370.825195	-65.074303
12381.591797	-65.615768
12392.358398	-65.062950
12403.125000	-64.868813
12413.891602	-64.867630
12424.658203	-65.572365
12435.424805	-65.524048
12446.191406	-64.832787
12456.958008	-64.393646
12467.724609	-64.737648
12478.491211	-65.181068
12489.257812	-65.233665
12500.024414	-65.556404
12510.791016	-65.439392
12521.557617	-65.329010
12532.324219	-65.527603
12543.090820	-65.587730
12553.857422	-65.553123
12564.624023	-65.252548
12575.390625	-64.967239
12586.157227	-65.103600
12596.923828	-65.261574
12607.690430	-65.438683
12618.457031	-65.521179
12629.223633	-65.184517
12639.990234	-65.330452
12650.756836	-65.846344
12661.523438	-65.391693
12672.290039	-65.149902
12683.056641	-65.018814
12693.823242	-65.206665
12704.589844	-65.192268
12715.356445	-64.821098
12726.123047	-64.789375
12736.889648	-65.707970
12747.656250	-65.755463
12758.422852	-65.282608
12769.189453	-64.891777
12779.956055	-65.197617
12790.722656	-65.365364
12801.489258	-64.845604
12812.255859	-64.349281
12823.022461	-64.921883
12833.789062	-64.686096
12844.555664	-64.705360
12855.322266	-65.004471
12866.088867	-65.520035
12876.855469	-65.941521
12887.622070	-65.688774
12898.388672	-65.602959
12909.155273	-65.688408
12919.921875	-65.548233
12930.688477	-65.751907
12941.455078	-65.673561
12952.221680	-65.322227
12962.988281	-65.051079
12973.754883	-64.601852
12984.521484	-65.205063
12995.288086	-65.215179
13006.054688	-64.964966
13016.821289	-65.814598
13027.587891	-65.632164
13038.354492	-65.682800
13049.121094	-65.646141
13059.887695	-65.667534
13070.654297	-65.588440
13081.420898	-65.795784
13092.187500	-65.381561
13102.954102	-64.852280
13113.720703	-65.144753
13124.487305	-64.867104
13135.253906	-64.853638
13146.020508	-65.424606
13156.787109	-65.693336
13167.553711	-65.657143
13178.320312	-65.429321
13189.086914	-65.731750
13199.853516	-65.739548
13210.620117	-65.276123
13221.386719	-65.848167
13232.153320	-65.939423
13242.919922	-65.648293
13253.686523	-66.045227
13264.453125	-65.777153
13275.219727	-64.962471
13285.986328	-65.197357
13296.752930	-65.450058
13307.519531	-65.672356
13318.286133	-65.977432
13329.052734	-66.115448
13339.819336	-65.312561
13350.585938	-64.928406
13361.352539	-65.189873
13372.119141	-65.325562
13382.885742	-65.739784
13393.652344	-66.123436
13404.418945	-65.641136
13415.185547	-65.494614
13425.952148	-65.379051
13436.718750	-65.725578
13447.485352	-65.935059
13458.251953	-65.494041
13469.018555	-65.378151
13479.785156	-65.600479
13490.551758	-65.959473
13501.318359	-65.471306
13512.084961	-65.483864
13522.851562	-65.097656
13533.618164	-65.198723
13544.384766	-65.381958
13555.151367	-65.219505
13565.917969	-65.349098
13576.684570	-65.704323
13587.451172	-66.080933
13598.217773	-66.264626
13608.984375	-65.863022
13619.750977	-65.542259
13630.517578	-64.863411
13641.284180	-65.103134
13652.050781	-65.844650
13662.817383	-66.366585
13673.583984	-65.969543
13684.350586	-65.919975
13695.117188	-65.625450
13705.883789	-65.510017
13716.650391	-65.275429
13727.416992	-65.705116
13738.183594	-65.943436
13748.950195	-65.935623
13759.716797	-66.149269
13770.483398	-66.213303
13781.250000	-66.309250
13792.016602	-65.578529
13802.783203	-65.897026
13813.549805	-65.721642
13824.316406	-65.965240
13835.083008	-66.081406
13845.849609	-65.524025
13856.616211	-65.308014
13867.382812	-65.729980
13878.149414	-66.134109
13888.916016	-65.809769
13899.682617	-65.653648
13910.449219	-65.459465
13921.215820	-65.572342
13931.982422	-66.066742
13942.749023	-65.925095
13953.515625	-65.712929
13964.282227	-65.070694
13975.048828	-65.158653
13985.815430	-65.647842
13996.582031	-65.661270
14007.348633	-65.697823
14018.115234	-65.981567
14028.881836	-66.251442
14039.648438	-65.534576
14050.415039	-65.521614
14061.181641	-65.919662
14071.948242	-65.705788
14082.714844	-66.318924
14093.481445	-66.423721
14104.248047	-66.085144
14115.014648	-65.963959
14125.781250	-66.142822
14136.547852	-65.914436
14147.314453	-65.694748
14158.081055	-66.374031
14168.847656	-66.610603
14179.614258	-66.366783
14190.380859	-65.878647
14201.147461	-65.739288
14211.914062	-65.731468
14222.680664	-65.740204
14233.447266	-65.606834
14244.213867	-65.437027
14254.980469	-65.994629
14265.747070	-65.888878
14276.513672	-65.906517
14287.280273	-66.088081
14298.046875	-65.910973
14308.813477	-65.392227
14319.580078	-65.630852
14330.346680	-65.645905
14341.113281	-65.829964
14351.879883	-65.908699
14362.646484	-66.037460
14373.413086	-65.891914
14384.179688	-65.681282
14394.946289	-66.133240
14405.712891	-66.249802
14416.479492	-65.760124
14427.246094	-65.665916
14438.012695	-65.817177
14448.779297	-65.747475
14459.545898	-65.910172
14470.312500	-66.265999
14481.079102	-65.854431
14491.845703	-65.342194
14502.612305	-65.751884
14513.378906	-65.899986
14524.145508	-65.734077
14534.912109	-65.784203
14545.678711	-66.188995
14556.445312	-65.920570
14567.211914	-66.352974
14577.978516	-66.279778
14588.745117	-66.057800
14599.511719	-65.923523
14610.278320	-66.094658
14621.044922	-66.153076
14631.811523	-66.399498
14642.578125	-66.039070
14653.344727	-66.601616
14664.111328	-66.786957
14674.877930	-66.355873
14685.644531	-66.077957
14696.411133	-66.109222
14707.177734	-65.897324
14717.944336	-66.562477
14728.710938	-66.538712
14739.477539	-66.095795
14750.244141	-66.515068
14761.010742	-66.345268
14771.777344	-66.236794
14782.543945	-66.286682
14793.310547	-66.179626
14804.077148	-66.129570
14814.843750	-66.257835
14825.610352	-66.135231
14836.376953	-65.984406
14847.143555	-66.068962
14857.910156	-65.784676
14868.676758	-65.872978
14879.443359	-66.124336
14890.209961	-65.268051
14900.976562	-65.452187
14911.743164	-66.069427
14922.509766	-65.521843
14933.276367	-65.420929
14944.042969	-65.656403
14954.809570	-66.072449
14965.576172	-66.029190
14976.342773	-66.254219
14987.109375	-66.076874
14997.875977	-66.044762
15008.642578	-65.703156
15019.409180	-65.998337
15030.175781	-66.250793
15040.942383	-65.978470
15051.708984	-65.727722
15062.475586	-65.869080
15073.242188	-66.082253
15084.008789	-65.825188
15094.775391	-66.158142
15105.541992	-66.179977
15116.308594	-66.552002
15127.075195	-66.637238
15137.841797	-66.903152
15148.608398	-66.242317
15159.375000	-66.096825
15170.141602	-65.595924
15180.908203	-65.276367
15191.674805	-65.724808
15202.441406	-66.159760
15213.208008	-66.390282
15223.974609	-66.024712
15234.741211	-66.345505
15245.507812	-66.693741
15256.274414	-66.428856
15267.041016	-66.480202
15277.807617	-66.283669
15288.574219	-66.129745
15299.340820	-65.801331
15310.107422	-66.566521
15320.874023	-66.184586
15331.640625	-66.091003
15342.407227	-66.669662
15353.173828	-66.564667
15363.940430	-66.104614
15374.707031	-65.877029
15385.473633	-65.996178
15396.240234	-66.443420
15407.006836	-66.067787
15417.773438	-66.005257
15428.540039	-66.173325
15439.306641	-66.303024
15450.073242	-66.515312
15460.839844	-66.128197
15471.606445	-65.973099
15482.373047	-66.119583
15493.139648	-66.206131
15503.906250	-66.009789
15514.672852	-65.690376
15525.439453	-66.123833
15536.206055	-66.206680
15546.972656	-66.385017
15557.739258	-66.329971
15568.505859	-66.062706
15579.272461	-66.236916
15590.039062	-66.155594
15600.805664	-66.160393
15611.572266	-66.241554
15622.338867	-66.240761
15633.105469	-66.204506
15643.872070	-66.604164
15654.638672	-66.679169
15665.405273	-66.315765
15676.171875	-66.254654
15686.938477	-66.397369
15697.705078	-66.305717
15708.471680	-65.932175
15719.238281	-65.823914
15730.004883	-66.022751
15740.771484	-66.223267
15751.538086	-66.752831
15762.304688	-66.416618
15773.071289	-66.345963
15783.837891	-66.879005
15794.604492	-66.830399
15805.371094	-66.180710
15816.137695	-66.137421
15826.904297	-66.123207
15837.670898	-66.241997
15848.437500	-66.018822
15859.204102	-65.846664
15869.970703	-65.957100
15880.737305	-66.223419
15891.503906	-66.579338
15902.270508	-66.546928
15913.037109	-66.199577
15923.803711	-66.314758
15934.570312	-66.161247
15945.336914	-66.290848
15956.103516	-66.935966
15966.870117	-66.891998
15977.636719	-66.762970
15988.403320	-66.507118
15999.169922	-66.552071
16009.936523	-66.497360
16020.703125	-66.511070
16031.469727	-66.049789
16042.236328	-66.188858
16053.002930	-66.238434
16063.769531	-66.345734
16074.536133	-66.128700
16085.302734	-66.290932
16096.069336	-66.808830
16106.835938	-67.070328
16117.602539	-66.995941
16128.369141	-66.536362
16139.135742	-65.982391
16149.902344	-66.440697
16160.668945	-66.767212
16171.435547	-66.274055
16182.202148	-66.853157
16192.968750	-66.539734
16203.735352	-66.149864
16214.501953	-66.412682
16225.268555	-66.555756
16236.035156	-66.512024
16246.801758	-66.652679
16257.568359	-67.042923
16268.334961	-66.765450
16279.101562	-66.218781
16289.868164	-66.577042
16300.634766	-66.787636
16311.401367	-66.175476
16322.167969	-66.204956
16332.934570	-66.231850
16343.701172	-66.199516
16354.467773	-66.661865
16365.234375	-66.320122
16376.000977	-66.443428
16386.767578	-66.941734
16397.534180	-66.896553
16408.300781	-66.866508
16419.067383	-66.529312
16429.833984	-66.374313
16440.600586	-66.847763
16451.367188	-66.923119
16462.133789	-66.206512
16472.900391	-66.345390
16483.666992	-67.253380
16494.433594	-66.461792
16505.200195	-66.154709
16515.966797	-66.642578
16526.733398	-66.442627
16537.500000	-66.749130
16548.266602	-67.108826
16559.033203	-66.702538
16569.799805	-66.534721
16580.566406	-66.290367
16591.333008	-66.568054
16602.099609	-66.757721
16612.866211	-66.765900
16623.632812	-66.562698
16634.399414	-66.201195
16645.166016	-66.063766
16655.932617	-66.389801
16666.699219	-66.707870
16677.465820	-66.574020
16688.232422	-66.553589
16698.999023	-66.625465
16709.765625	-66.538147
16720.532227	-66.401070
16731.298828	-66.473495
16742.065430	-66.710442
16752.832031	-66.706932
16763.598633	-66.691223
16774.365234	-66.176933
16785.131836	-66.107964
16795.898438	-66.659981
16806.665039	-66.587166
16817.431641	-66.478348
16828.198242	-66.515526
16838.964844	-67.208046
16849.731445	-67.290688
16860.498047	-66.376633
16871.264648	-66.197189
16882.031250	-66.012238
16892.797852	-66.094215
16903.564453	-66.765770
16914.331055	-66.432487
16925.097656	-66.519073
16935.864258	-66.553429
16946.630859	-66.896202
16957.397461	-67.081223
16968.164062	-66.570831
16978.930664	-66.726395
16989.697266	-66.830933
17000.463867	-66.322296
17011.230469	-66.451889
17021.997070	-66.494301
17032.763672	-66.249229
17043.530273	-66.443871
17054.296875	-66.731834
17065.063477	-66.779762
17075.830078	-66.981728
17086.596680	-66.784760
17097.363281	-66.955215
17108.129883	-66.846481
17118.896484	-66.478996
17129.663086	-66.979195
17140.429688	-67.151955
17151.196289	-67.102432
17161.962891	-67.087837
17172.729492	-67.073418
17183.496094	-66.386520
17194.262695	-66.430702
17205.029297	-66.927879
17215.795898	-67.160568
17226.562500	-66.881935
17237.329102	-66.785065
17248.095703	-67.037056
17258.862305	-67.229858
17269.628906	-67.191032
17280.395508	-66.943260
17291.162109	-66.914085
17301.928711	-66.946762
17312.695312	-66.964279
17323.461914	-67.174324
17334.228516	-67.208038
17344.995117	-67.026108
17355.761719	-66.154671
17366.528320	-66.687210
17377.294922	-67.105782
17388.061523	-66.624435
17398.828125	-66.925682
17409.594727	-67.638390
17420.361328	-67.005196
17431.127930	-67.087120
17441.894531	-66.307014
17452.661133	-67.001228
17463.427734	-67.247284
17474.194336	-66.793304
17484.960938	-66.696686
17495.727539	-66.806007
17506.494141	-66.936211
17517.260742	-66.979584
17528.027344	-67.163292
17538.793945	-67.119026
17549.560547	-66.575546
17560.327148	-66.924805
17571.093750	-67.139908
17581.860352	-67.197327
17592.626953	-66.939209
17603.393555	-67.039635
17614.160156	-66.764069
17624.926758	-67.129761
17635.693359	-66.847717
17646.459961	-66.906746
17657.226562	-67.607681
17667.993164	-67.155594
17678.759766	-66.604507
17689.526367	-66.702919
17700.292969	-66.578651
17711.059570	-66.509056
17721.826172	-66.593735
17732.592773	-66.860580
17743.359375	-66.402000
17754.125977	-66.285011
17764.892578	-66.957100
17775.659180	-67.742546
17786.425781	-66.810493
17797.192383	-66.303192
17807.958984	-66.034859
17818.725586	-67.046127
17829.492188	-67.128662
17840.258789	-67.150261
17851.025391	-67.312920
17861.791992	-66.893326
17872.558594	-66.807823
17883.325195	-67.255165
17894.091797	-66.989235
17904.858398	-66.930092
17915.625000	-66.589012
17926.391602	-66.905014
17937.158203	-66.911667
17947.924805	-66.730972
17958.691406	-66.826294
17969.458008	-66.998459
17980.224609	-67.434845
17990.991211	-66.814507
18001.757812	-66.914825
18012.524414	-67.036041
18023.291016	-66.825294
18034.057617	-67.409584
18044.824219	-66.944679
18055.590820	-67.167580
18066.357422	-67.170151
18077.124023	-66.869904
18087.890625	-66.811745
18098.657227	-67.056557
18109.423828	-67.077141
18120.190430	-67.169792
18130.957031	-67.441986
18141.723633	-67.459450
18152.490234	-67.288589
18163.256836	-67.290306
18174.023438	-67.215332
18184.790039	-67.774040
18195.556641	-67.417297
18206.323242	-66.934196
18217.089844	-66.812897
18227.856445	-66.908607
18238.623047	-67.547112
18249.389648	-67.451454
18260.156250	-67.205055
18270.922852	-67.184807
18281.689453	-66.680565
18292.456055	-66.985497
18303.222656	-67.554726
18313.989258	-67.415451
18324.755859	-67.680748
18335.522461	-67.174286
18346.289062	-67.428963
18357.055664	-67.850601
18367.822266	-67.653511
18378.588867	-67.268250
18389.355469	-67.725639
18400.122070	-67.866112
18410.888672	-67.414597
18421.655273	-67.248726
18432.421875	-67.234055
18443.188477	-67.101608
18453.955078	-67.296204
18464.721680	-66.827110
18475.488281	-67.700592
18486.254883	-67.691422
18497.021484	-67.074036
18507.788086	-66.902061
18518.554688	-67.254578
18529.321289	-67.834396
18540.087891	-67.492821
18550.854492	-67.069687
18561.621094	-67.482307
18572.387695	-67.715912
18583.154297	-67.694939
18593.920898	-67.670067
18604.687500	-67.550812
18615.454102	-67.453613
18626.220703	-67.073334
18636.987305	-67.020027
18647.753906	-67.280571
18658.520508	-67.494087
18669.287109	-67.130661
18680.053711	-67.097755
18690.820312	-67.457115
18701.586914	-67.717148
18712.353516	-67.353226
18723.120117	-66.929848
18733.886719	-66.742783
18744.653320	-66.558144
18755.419922	-67.097023
18766.186523	-67.303467
18776.953125	-67.046776
18787.719727	-67.080849
18798.486328	-67.018707
18809.252930	-67.141876
18820.019531	-67.450378
18830.786133	-67.240822
18841.552734	-67.101463
18852.319336	-67.030182
18863.085938	-66.822319
18873.852539	-66.861671
18884.619141	-67.714996
18895.385742	-67.953903
18906.152344	-67.465416
18916.918945	-67.378174
18927.685547	-67.655815
18938.452148	-67.727692
18949.218750	-67.417084
18959.985352	-67.059914
18970.751953	-67.019012
18981.518555	-67.784637
18992.285156	-67.541710
19003.051758	-67.032692
19013.818359	-66.984695
19024.584961	-67.086166
19035.351562	-67.796539
19046.118164	-68.008385
19056.884766	-67.742554
19067.651367	-67.705894
19078.417969	-67.941437
19089.184570	-67.409889
19099.951172	-67.245476
19110.717773	-67.376434
19121.484375	-67.141205
19132.250977	-67.564888
19143.017578	-67.557632
19153.784180	-67.450439
19164.550781	-67.639412
19175.317383	-67.189888
19186.083984	-67.308571
19196.850586	-68.120934
19207.617188	-67.575806
19218.383789	-67.819794
19229.150391	-68.202095
19239.916992	-68.047012
19250.683594	-67.697395
19261.450195	-68.140404
19272.216797	-67.975441
19282.983398	-67.239609
19293.750000	-67.875679
19304.516602	-68.215607
19315.283203	-67.565811
19326.049805	-67.491783
19336.816406	-68.170982
19347.583008	-67.698334
19358.349609	-67.449112
19369.116211	-67.623566
19379.882812	-67.473778
19390.649414	-67.567329
19401.416016	-68.177589
19412.182617	-67.705345
19422.949219	-68.148277
19433.715820	-68.100410
19444.482422	-67.758492
19455.249023	-67.925072
19466.015625	-67.414124
19476.782227	-67.372063
19487.548828	-67.624374
19498.315430	-67.800987
19509.082031	-67.952286
19519.848633	-67.662239
19530.615234	-67.613754
19541.381836	-67.783310
19552.148438	-67.939651
19562.915039	-67.704147
19573.681641	-67.894173
19584.448242	-67.715919
19595.214844	-67.445168
19605.981445	-68.079445
19616.748047	-67.904716
19627.514648	-67.606461
19638.281250	-67.904930
19649.047852	-67.566353
19659.814453	-67.983459
19670.581055	-67.463745
19681.347656	-68.091545
19692.114258	-68.363640
19702.880859	-68.308365
19713.647461	-68.267731
19724.414062	-68.360458
19735.180664	-68.051201
19745.947266	-67.752235
19756.713867	-67.985680
19767.480469	-68.520058
19778.247070	-68.229706
19789.013672	-67.825264
19799.780273	-67.946365
19810.546875	-68.291527
19821.313477	-68.775398
19832.080078	-68.459198
19842.846680	-68.439400
19853.613281	-68.381905
19864.379883	-68.092194
19875.146484	-68.280388
19885.913086	-68.721252
19896.679688	-68.972549
19907.446289	-69.043205
19918.212891	-68.339127
19928.979492	-68.121956
19939.746094	-68.508347
19950.512695	-68.588135
19961.279297	-68.192230
19972.045898	-68.112000
19982.812500	-68.582680
19993.579102	-68.747681
20004.345703	-68.180481
20015.112305	-68.370300
20025.878906	-68.250816
20036.645508	-68.057373
20047.412109	-68.232414
20058.178711	-68.567352
20068.945312	-67.856468
20079.711914	-68.493584
20090.478516	-68.925613
20101.245117	-69.310532
20112.011719	-68.899567
20122.778320	-69.073105
20133.544922	-68.702263
20144.311523	-68.522476
20155.078125	-68.534424
20165.844727	-68.325119
20176.611328	-68.510574
20187.377930	-68.634987
20198.144531	-68.663025
20208.911133	-68.580566
20219.677734	-68.383064
20230.444336	-68.718445
20241.210938	-68.660759
20251.977539	-68.213982
20262.744141	-68.386330
20273.510742	-68.652557
20284.277344	-69.080856
20295.043945	-68.642563
20305.810547	-68.542801
20316.577148	-69.118332
20327.343750	-68.843849
20338.110352	-68.678368
20348.876953	-68.793793
20359.643555	-69.168114
20370.410156	-68.813744
20381.176758	-68.985069
20391.943359	-68.619652
20402.709961	-69.073204
20413.476562	-68.731934
20424.243164	-68.034187
20435.009766	-68.318687
20445.776367	-68.851189
20456.542969	-69.247307
20467.309570	-69.172752
20478.076172	-69.242607
20488.842773	-69.225609
20499.609375	-68.939621
20510.375977	-68.510803
20521.142578	-68.643677
20531.909180	-69.048615
20542.675781	-69.689621
20553.442383	-69.954994
20564.208984	-69.453911
20574.975586	-69.045341
20585.742188	-68.824692
20596.508789	-69.161957
20607.275391	-69.943413
20618.041992	-69.740662
20628.808594	-69.602226
20639.575195	-69.534470
20650.341797	-69.616554
20661.108398	-69.558846
20671.875000	-69.392433
20682.641602	-69.174019
20693.408203	-68.835876
20704.174805	-69.235771
20714.941406	-69.420540
20725.708008	-69.579163
20736.474609	-69.679932
20747.241211	-69.754295
20758.007812	-69.172318
20768.774414	-69.179909
20779.541016	-69.409500
20790.307617	-69.690887
20801.074219	-69.220062
20811.840820	-69.533577
20822.607422	-69.585594
20833.374023	-69.597076
20844.140625	-69.527008
20854.907227	-69.927246
20865.673828	-69.990845
20876.440430	-69.620888
20887.207031	-69.782036
20897.973633	-70.194672
20908.740234	-70.621719
20919.506836	-69.679451
20930.273438	-69.726440
20941.040039	-70.355576
20951.806641	-69.670883
20962.573242	-69.695473
20973.339844	-69.549728
20984.106445	-69.974297
20994.873047	-70.012016
21005.639648	-69.688034
21016.406250	-70.288765
21027.172852	-70.108681
21037.939453	-70.001709
21048.706055	-70.187195
21059.472656	-69.961639
21070.239258	-69.385231
21081.005859	-69.743263
21091.772461	-70.228043
21102.539062	-69.944199
21113.305664	-69.971588
21124.072266	-70.257240
21134.838867	-70.307213
21145.605469	-70.377007
21156.372070	-70.255081
21167.138672	-70.317886
21177.905273	-70.474640
21188.671875	-70.330269
21199.438477	-70.127365
21210.205078	-70.246399
21220.971680	-70.290703
21231.738281	-70.386681
21242.504883	-70.781464
21253.271484	-70.088921
21264.038086	-70.023483
21274.804688	-70.146866
21285.571289	-70.854370
21296.337891	-71.059044
21307.104492	-71.035599
21317.871094	-71.032242
21328.637695	-70.426247
21339.404297	-70.523392
21350.170898	-70.532661
21360.937500	-70.284935
21371.704102	-70.120422
21382.470703	-70.473770
21393.237305	-70.722260
21404.003906	-70.728027
21414.770508	-70.586990
21425.537109	-70.943558
21436.303711	-70.839218
21447.070312	-70.176849
21457.836914	-70.336128
21468.603516	-70.968178
21479.370117	-71.076187
21490.136719	-71.564667
21500.903320	-71.062714
21511.669922	-71.535858
21522.436523	-71.397026
21533.203125	-71.105667
21543.969727	-70.775551
21554.736328	-70.340988
21565.502930	-70.738228
21576.269531	-71.325111
21587.036133	-70.515343
21597.802734	-70.776924
21608.569336	-71.171898
21619.335938	-71.564690
21630.102539	-71.101982
21640.869141	-71.104233
21651.635742	-71.370682
21662.402344	-71.020966
21673.168945	-71.096703
21683.935547	-71.135506
21694.702148	-71.101715
21705.468750	-71.139320
21716.235352	-70.988441
21727.001953	-71.160263
21737.768555	-71.193687
21748.535156	-71.702843
21759.301758	-70.843689
21770.068359	-71.264771
21780.834961	-71.231583
21791.601562	-71.540749
21802.368164	-71.243759
21813.134766	-71.169525
21823.901367	-71.506165
21834.667969	-71.240089
21845.434570	-70.998016
21856.201172	-71.631393
21866.967773	-71.368156
21877.734375	-71.172249
21888.500977	-71.337128
21899.267578	-71.305923
21910.034180	-70.934822
21920.800781	-71.098999
21931.567383	-70.934631
21942.333984	-71.313522
21953.100586	-71.762222
21963.867188	-71.335938
21974.633789	-71.321434
21985.400391	-71.196724
21996.166992	-71.291664
22006.933594	-71.610252
22017.700195	-71.370537
22028.466797	-71.231117
22039.233398	-71.175705
