Frequency (Hz)	Level (dB)
10.766602	-22.169085
21.533203	-27.440784
32.299805	-30.215433
43.066406	-31.897381
53.833008	-33.171410
64.599609	-34.036034
75.366211	-34.904049
86.132812	-35.648800
96.899414	-36.007782
107.666016	-36.511581
118.432617	-36.961555
129.199219	-37.402168
139.965820	-37.770287
150.732422	-38.192169
161.499023	-38.612141
172.265625	-39.004692
183.032227	-39.216663
193.798828	-39.584057
204.565430	-39.852787
215.332031	-40.141964
226.098633	-40.380016
236.865234	-40.531788
247.631836	-40.708855
258.398438	-40.814465
269.165039	-41.125278
279.931641	-41.343647
290.698242	-41.479206
301.464844	-41.592400
312.231445	-41.876530
322.998047	-42.061592
333.764648	-42.434097
344.531250	-42.463070
355.297852	-42.538036
366.064453	-42.739174
376.831055	-42.972969
387.597656	-43.112808
398.364258	-43.217781
409.130859	-43.323799
419.897461	-43.419949
430.664062	-43.518135
441.430664	-43.701466
452.197266	-43.951653
462.963867	-44.008205
473.730469	-44.114681
484.497070	-44.164635
495.263672	-44.293026
506.030273	-44.533195
516.796875	-44.588081
527.563477	-44.458607
538.330078	-44.702965
549.096680	-44.976814
559.863281	-45.065529
570.629883	-45.202068
581.396484	-45.233948
592.163086	-45.279301
602.929688	-45.439690
613.696289	-45.511913
624.462891	-45.478470
635.229492	-45.566654
645.996094	-45.628986
656.762695	-45.519047
667.529297	-45.436142
678.295898	-45.895950
689.062500	-46.076546
699.829102	-46.163704
710.595703	-46.358368
721.362305	-46.357109
732.128906	-46.401382
742.895508	-46.538242
753.662109	-46.451656
764.428711	-46.590057
775.195312	-46.543919
785.961914	-44.797661
796.728516	-42.395607
807.495117	-45.739014
818.261719	-46.995064
829.028320	-46.981895
839.794922	-47.120331
850.561523	-47.221832
861.328125	-47.341637
872.094727	-47.349659
882.861328	-47.341122
893.627930	-47.539116
904.394531	-47.553478
915.161133	-47.247849
925.927734	-45.337784
936.694336	-46.612587
947.460938	-47.957905
958.227539	-47.819355
968.994141	-47.836395
979.760742	-48.016518
990.527344	-48.127480
1001.293945	-48.278305
1012.060547	-48.202114
1022.827148	-48.169758
1033.593750	-48.336021
1044.360352	-48.399120
1055.126953	-47.294792
1065.893555	-47.124523
1076.660156	-48.539257
1087.426758	-48.666012
1098.193359	-48.648506
1108.959961	-48.634079
1119.726562	-48.725792
1130.493164	-48.841743
1141.259766	-48.868038
1152.026367	-49.043808
1162.792969	-48.894985
1173.559570	-48.732075
1184.326172	-40.668404
1195.092773	-36.428703
1205.859375	-43.509403
1216.625977	-49.048496
1227.392578	-49.217255
1238.159180	-49.427418
1248.925781	-49.448723
1259.692383	-49.360115
1270.458984	-49.358124
1281.225586	-49.420578
1291.992188	-49.629585
1302.758789	-49.663429
1313.525391	-49.406178
1324.291992	-47.682632
1335.058594	-48.723995
1345.825195	-49.661987
1356.591797	-49.604816
1367.358398	-49.714142
1378.125000	-49.885670
1388.891602	-49.872475
1399.658203	-49.901814
1410.424805	-49.983879
1421.191406	-49.958286
1431.958008	-50.087444
1442.724609	-49.985764
1453.491211	-49.224014
1464.257812	-49.336967
1475.024414	-50.402557
1485.791016	-50.420727
1496.557617	-50.370907
1507.324219	-50.441460
1518.090820	-50.344189
1528.857422	-50.424545
1539.624023	-50.606369
1550.390625	-50.602451
1561.157227	-50.566425
1571.923828	-50.586842
1582.690430	-47.465469
1593.457031	-44.732162
1604.223633	-49.125626
1614.990234	-50.565384
1625.756836	-50.653553
1636.523438	-50.714657
1647.290039	-50.767265
1658.056641	-50.872475
1668.823242	-50.937771
1679.589844	-50.916782
1690.356445	-51.029316
1701.123047	-51.140663
1711.889648	-47.202454
1722.656250	-40.611843
1733.422852	-44.593498
1744.189453	-50.982727
1754.956055	-51.145275
1765.722656	-51.219265
1776.489258	-51.380150
1787.255859	-51.293896
1798.022461	-51.355297
1808.789062	-51.394409
1819.555664	-51.238811
1830.322266	-51.322811
1841.088867	-47.497940
1851.855469	-36.569061
1862.622070	-37.083759
1873.388672	-48.459099
1884.155273	-51.368397
1894.921875	-51.484024
1905.688477	-51.481136
1916.455078	-51.453804
1927.221680	-51.611778
1937.988281	-51.714069
1948.754883	-51.690456
1959.521484	-51.632366
1970.288086	-51.633423
1981.054688	-46.129063
1991.821289	-43.227394
2002.587891	-49.517502
2013.354492	-52.008514
2024.121094	-52.029232
2034.887695	-51.979122
2045.654297	-52.033138
2056.420898	-51.811680
2067.187500	-51.821384
2077.954102	-51.868797
2088.720703	-51.847370
2099.487305	-51.804008
2110.253906	-49.045006
2121.020508	-43.740578
2131.787109	-47.446751
2142.553711	-51.868805
2153.320312	-52.164276
2164.086914	-52.075912
2174.853516	-51.898083
2185.620117	-52.034191
2196.386719	-52.249104
2207.153320	-52.359276
2217.919922	-52.281937
2228.686523	-52.284416
2239.453125	-50.212696
2250.219727	-42.026051
2260.986328	-43.073669
2271.752930	-51.459293
2282.519531	-52.595528
2293.286133	-52.450424
2304.052734	-52.443012
2314.819336	-52.453339
2325.585938	-52.533684
2336.352539	-52.786030
2347.119141	-52.708527
2357.885742	-52.229870
2368.652344	-51.965309
2379.418945	-43.346111
2390.185547	-40.580048
2400.952148	-48.622108
2411.718750	-52.348560
2422.485352	-52.609367
2433.251953	-52.827251
2444.018555	-52.757977
2454.785156	-52.836933
2465.551758	-52.916576
2476.318359	-52.869465
2487.084961	-52.723660
2497.851562	-52.129162
2508.618164	-42.721138
2519.384766	-36.117035
2530.151367	-41.640213
2540.917969	-51.923561
2551.684570	-52.885830
2562.451172	-52.942879
2573.217773	-52.828060
2583.984375	-52.949219
2594.750977	-53.014740
2605.517578	-52.987461
2616.284180	-52.991955
2627.050781	-52.835068
2637.817383	-47.963604
2648.583984	-38.011978
2659.350586	-39.635540
2670.117188	-51.180115
2680.883789	-53.136158
2691.650391	-53.195553
2702.416992	-53.297989
2713.183594	-53.385757
2723.950195	-53.280212
2734.716797	-53.279217
2745.483398	-53.216530
2756.250000	-53.232113
2767.016602	-51.462864
2777.783203	-40.458157
2788.549805	-38.164055
2799.316406	-47.257366
2810.083008	-52.873425
2820.849609	-53.239220
2831.616211	-53.592587
2842.382812	-53.689617
2853.149414	-53.394249
2863.916016	-53.518921
2874.682617	-53.666557
2885.449219	-53.500172
2896.215820	-53.158501
2906.982422	-42.403221
2917.749023	-36.197075
2928.515625	-42.372074
2939.282227	-53.225025
2950.048828	-53.779419
2960.815430	-53.973560
2971.582031	-53.950386
2982.348633	-53.840221
2993.115234	-53.840790
3003.881836	-53.900860
3014.648438	-53.811306
3025.415039	-53.499508
3036.181641	-47.615723
3046.948242	-37.887070
3057.714844	-39.956093
3068.481445	-51.420410
3079.248047	-53.693390
3090.014648	-53.894417
3100.781250	-54.031414
3111.547852	-53.959156
3122.314453	-54.206726
3133.081055	-54.288647
3143.847656	-53.956715
3154.614258	-53.891537
3165.380859	-52.091606
3176.147461	-41.557468
3186.914062	-39.954884
3197.680664	-49.610458
3208.447266	-53.980343
3219.213867	-54.213463
3229.980469	-54.256298
3240.747070	-54.407494
3251.513672	-54.427704
3262.280273	-54.323593
3273.046875	-54.505180
3283.813477	-54.543541
3294.580078	-54.377392
3305.346680	-49.415718
3316.113281	-44.983200
3326.879883	-50.326801
3337.646484	-54.375237
3348.413086	-54.611446
3359.179688	-54.667076
3369.946289	-54.689941
3380.712891	-54.605007
3391.479492	-54.446945
3402.246094	-54.613995
3413.012695	-54.559654
3423.779297	-54.218128
3434.545898	-48.215271
3445.312500	-39.152462
3456.079102	-41.869083
3466.845703	-53.138657
3477.612305	-54.625965
3488.378906	-54.645046
3499.145508	-54.502308
3509.912109	-54.419220
3520.678711	-54.553059
3531.445312	-54.742279
3542.211914	-54.851173
3552.978516	-54.734825
3563.745117	-53.725986
3574.511719	-46.658615
3585.278320	-45.834217
3596.044922	-53.128906
3606.811523	-54.802094
3617.578125	-54.881660
3628.344727	-54.848583
3639.111328	-54.942738
3649.877930	-54.840950
3660.644531	-54.650692
3671.411133	-54.651207
3682.177734	-54.831585
3692.944336	-54.653728
3703.710938	-47.970070
3714.477539	-43.387566
3725.244141	-49.624466
3736.010742	-54.798401
3746.777344	-54.934189
3757.543945	-55.079838
3768.310547	-55.072098
3779.077148	-55.069847
3789.843750	-55.221153
3800.610352	-55.384281
3811.376953	-55.261395
3822.143555	-55.079613
3832.910156	-54.125317
3843.676758	-51.130692
3854.443359	-52.710087
3865.209961	-55.166965
3875.976562	-55.332005
3886.743164	-55.441677
3897.509766	-55.543495
3908.276367	-55.523144
3919.042969	-55.385128
3929.809570	-55.283363
3940.576172	-55.415970
3951.342773	-55.459400
3962.109375	-54.863621
3972.875977	-55.012497
3983.642578	-55.401775
3994.409180	-55.473610
4005.175781	-55.590809
4015.942383	-55.668865
4026.708984	-55.720146
4037.475586	-55.598396
4048.242188	-55.625839
4059.008789	-55.755344
4069.775391	-55.825874
4080.541992	-55.845032
4091.308594	-55.693623
4102.075195	-55.698063
4112.841797	-55.692196
4123.608398	-55.764606
4134.375000	-55.783287
4145.141602	-55.730907
4155.908203	-55.788879
4166.674805	-55.662735
4177.441406	-55.823196
4188.208008	-55.759190
4198.974609	-55.659756
4209.741211	-55.876175
4220.507812	-55.963169
4231.274414	-55.799389
4242.041016	-55.821129
4252.807617	-55.725441
4263.574219	-55.756557
4274.340820	-55.852463
4285.107422	-55.779495
4295.874023	-55.909187
4306.640625	-55.926006
4317.407227	-55.999962
4328.173828	-56.075474
4338.940430	-56.072750
4349.707031	-56.007545
4360.473633	-56.010391
4371.240234	-56.100338
4382.006836	-56.221542
4392.773438	-56.191704
4403.540039	-56.197098
4414.306641	-56.143024
4425.073242	-56.050709
4435.839844	-56.128117
4446.606445	-56.090374
4457.373047	-56.074368
4468.139648	-55.918209
4478.906250	-55.976463
4489.672852	-56.063919
4500.439453	-56.057793
4511.206055	-56.212067
4521.972656	-56.265968
4532.739258	-56.234398
4543.505859	-56.114792
4554.272461	-56.153198
4565.039062	-56.252937
4575.805664	-56.227001
4586.572266	-56.300087
4597.338867	-56.362675
4608.105469	-56.455025
4618.872070	-56.540325
4629.638672	-56.345528
4640.405273	-56.303768
4651.171875	-56.384914
4661.938477	-56.402317
4672.705078	-56.450958
4683.471680	-56.441959
4694.238281	-56.368736
4705.004883	-56.264866
4715.771484	-56.360558
4726.538086	-56.412663
4737.304688	-56.405235
4748.071289	-56.425480
4758.837891	-56.391346
4769.604492	-56.412464
4780.371094	-56.549129
4791.137695	-56.503632
4801.904297	-56.649139
4812.670898	-56.609066
4823.437500	-56.556622
4834.204102	-56.608192
4844.970703	-56.727890
4855.737305	-56.584595
4866.503906	-56.590431
4877.270508	-56.452255
4888.037109	-56.549919
4898.803711	-56.620033
4909.570312	-56.650867
4920.336914	-56.569553
4931.103516	-56.623734
4941.870117	-56.695553
4952.636719	-56.708717
4963.403320	-56.601051
4974.169922	-56.791553
4984.936523	-56.829311
4995.703125	-56.759686
5006.469727	-56.848495
5017.236328	-56.785168
5028.002930	-56.782364
5038.769531	-56.790874
5049.536133	-56.876179
5060.302734	-57.000870
5071.069336	-56.811756
5081.835938	-56.723923
5092.602539	-56.634483
5103.369141	-56.707672
5114.135742	-56.747456
5124.902344	-56.794201
5135.668945	-56.705750
5146.435547	-56.698357
5157.202148	-56.876442
5167.968750	-57.017323
5178.735352	-56.973858
5189.501953	-56.942272
5200.268555	-56.915646
5211.035156	-57.019833
5221.801758	-56.788731
5232.568359	-56.829788
5243.334961	-56.858223
5254.101562	-57.036865
5264.868164	-57.064785
5275.634766	-56.909050
5286.401367	-56.889484
5297.167969	-56.902676
5307.934570	-56.923325
5318.701172	-56.964569
5329.467773	-57.155209
5340.234375	-57.201591
5351.000977	-57.140835
5361.767578	-57.016781
5372.534180	-56.921703
5383.300781	-57.013969
5394.067383	-57.040100
5404.833984	-57.022369
5415.600586	-57.175011
5426.367188	-57.174767
5437.133789	-57.115185
5447.900391	-57.196514
5458.666992	-57.106899
5469.433594	-57.091854
5480.200195	-57.065529
5490.966797	-56.993824
5501.733398	-57.170925
5512.500000	-57.182877
5523.266602	-57.307259
5534.033203	-57.402328
5544.799805	-57.491482
5555.566406	-57.546398
5566.333008	-57.473141
5577.099609	-57.450596
5587.866211	-57.450985
5598.632812	-57.328602
5609.399414	-57.249088
5620.166016	-57.261726
5630.932617	-57.202343
5641.699219	-57.274967
5652.465820	-57.231564
5663.232422	-57.255680
5673.999023	-57.385159
5684.765625	-57.403458
5695.532227	-57.422638
5706.298828	-57.370815
5717.065430	-57.388870
5727.832031	-57.434521
5738.598633	-57.405834
5749.365234	-57.366760
5760.131836	-57.368580
5770.898438	-57.468491
5781.665039	-57.383415
5792.431641	-57.427330
5803.198242	-57.403481
5813.964844	-57.499332
5824.731445	-57.476074
5835.498047	-57.385067
5846.264648	-57.449707
5857.031250	-57.621166
5867.797852	-57.666290
5878.564453	-57.568352
5889.331055	-57.693920
5900.097656	-57.736835
5910.864258	-57.661015
5921.630859	-57.548656
5932.397461	-57.587051
5943.164062	-57.640034
5953.930664	-57.619980
5964.697266	-57.702942
5975.463867	-57.595814
5986.230469	-57.673035
5996.997070	-57.711452
6007.763672	-57.666431
6018.530273	-57.618980
6029.296875	-57.623428
6040.063477	-57.736069
6050.830078	-57.589577
6061.596680	-57.549004
6072.363281	-57.665867
6083.129883	-57.572659
6093.896484	-57.507591
6104.663086	-57.659435
6115.429688	-57.706665
6126.196289	-57.656364
6136.962891	-57.718777
6147.729492	-57.653484
6158.496094	-57.835281
6169.262695	-57.844143
6180.029297	-57.851276
6190.795898	-57.901035
6201.562500	-57.974823
6212.329102	-57.891598
6223.095703	-57.792969
6233.862305	-57.821262
6244.628906	-57.801197
6255.395508	-57.708630
6266.162109	-57.868515
6276.928711	-57.962280
6287.695312	-57.871338
6298.461914	-57.824875
6309.228516	-57.950920
6319.995117	-57.935272
6330.761719	-57.918781
6341.528320	-57.832756
6352.294922	-57.891651
6363.061523	-57.897209
6373.828125	-57.799286
6384.594727	-57.823780
6395.361328	-57.979065
6406.127930	-58.003429
6416.894531	-58.140709
6427.661133	-58.176090
6438.427734	-58.009605
6449.194336	-58.019981
6459.960938	-57.989529
6470.727539	-58.001186
6481.494141	-57.993969
6492.260742	-58.067661
6503.027344	-58.122314
6513.793945	-58.009529
6524.560547	-58.075874
6535.327148	-58.145088
6546.093750	-58.118633
6556.860352	-58.070560
6567.626953	-58.256153
6578.393555	-58.202770
6589.160156	-58.125416
6599.926758	-58.163315
6610.693359	-58.080235
6621.459961	-58.120819
6632.226562	-58.106148
6642.993164	-58.079292
6653.759766	-58.118675
6664.526367	-58.165741
6675.292969	-58.021778
6686.059570	-57.902821
6696.826172	-58.002308
6707.592773	-58.131687
6718.359375	-58.164150
6729.125977	-58.157043
6739.892578	-58.209400
6750.659180	-58.254940
6761.425781	-58.180447
6772.192383	-58.243942
6782.958984	-58.273994
6793.725586	-58.296806
6804.492188	-58.287239
6815.258789	-58.105244
6826.025391	-58.242596
6836.791992	-58.509521
6847.558594	-58.393131
6858.325195	-58.427475
6869.091797	-58.434204
6879.858398	-58.227436
6890.625000	-58.220219
6901.391602	-58.192493
6912.158203	-58.340549
6922.924805	-58.391808
6933.691406	-58.414612
6944.458008	-58.449715
6955.224609	-58.534725
6965.991211	-58.362862
6976.757812	-58.436188
6987.524414	-58.457767
6998.291016	-58.454372
7009.057617	-58.308887
7019.824219	-58.438873
7030.590820	-58.550228
7041.357422	-58.443451
7052.124023	-58.456825
7062.890625	-58.379204
7073.657227	-58.304523
7084.423828	-58.455418
7095.190430	-58.469650
7105.957031	-58.482594
7116.723633	-58.594070
7127.490234	-58.569210
7138.256836	-58.608749
7149.023438	-58.556099
7159.790039	-58.509621
7170.556641	-58.565556
7181.323242	-58.720078
7192.089844	-58.653870
7202.856445	-58.457279
7213.623047	-58.552849
7224.389648	-58.505917
7235.156250	-58.670200
7245.922852	-58.637619
7256.689453	-58.566105
7267.456055	-58.559429
7278.222656	-58.623753
7288.989258	-58.520966
7299.755859	-58.529671
7310.522461	-58.648201
7321.289062	-58.558720
7332.055664	-58.576084
7342.822266	-58.410297
7353.588867	-58.461651
7364.355469	-58.650288
7375.122070	-58.573189
7385.888672	-58.600529
7396.655273	-58.610195
7407.421875	-58.609184
7418.188477	-58.699345
7428.955078	-58.690109
7439.721680	-58.754578
7450.488281	-58.732651
7461.254883	-58.668354
7472.021484	-58.531975
7482.788086	-58.708511
7493.554688	-58.655781
7504.321289	-58.736069
7515.087891	-58.848049
7525.854492	-58.866390
7536.621094	-58.859940
7547.387695	-58.881268
7558.154297	-58.748909
7568.920898	-58.782024
7579.687500	-58.746357
7590.454102	-58.669456
7601.220703	-58.690308
7611.987305	-58.723705
7622.753906	-58.692188
7633.520508	-58.834866
7644.287109	-58.791569
7655.053711	-58.755375
7665.820312	-58.837250
7676.586914	-58.890232
7687.353516	-58.860641
7698.120117	-58.902168
7708.886719	-58.876984
7719.653320	-58.751400
7730.419922	-58.756035
7741.186523	-58.884239
7751.953125	-58.898201
7762.719727	-58.870182
7773.486328	-58.833813
7784.252930	-58.904503
7795.019531	-58.929207
7805.786133	-58.956665
7816.552734	-58.875713
7827.319336	-58.737923
7838.085938	-58.743576
7848.852539	-58.848316
7859.619141	-59.035824
7870.385742	-58.957626
7881.152344	-58.905861
7891.918945	-58.924709
7902.685547	-58.881763
7913.452148	-58.890785
7924.218750	-58.816551
7934.985352	-58.761387
7945.751953	-58.906109
7956.518555	-59.022240
7967.285156	-59.056774
7978.051758	-59.070179
7988.818359	-59.134071
7999.584961	-59.085636
8010.351562	-59.041325
8021.118164	-59.214809
8031.884766	-59.335384
8042.651367	-59.249386
8053.417969	-59.102844
8064.184570	-59.057915
8074.951172	-59.132961
8085.717773	-59.140240
8096.484375	-59.030403
8107.250977	-59.094387
8118.017578	-59.202648
8128.784180	-59.292988
8139.550781	-59.302940
8150.317383	-59.001938
8161.083984	-58.883850
8171.850586	-58.916542
8182.617188	-59.079540
8193.383789	-59.152504
8204.150391	-59.252384
8214.916992	-59.197502
8225.683594	-59.221996
8236.450195	-59.234932
8247.216797	-59.199627
8257.983398	-59.140583
8268.750000	-59.210434
8279.516602	-59.228310
8290.283203	-59.178574
8301.049805	-59.161411
8311.816406	-59.216286
8322.583008	-59.190083
8333.349609	-59.243057
8344.116211	-59.343517
8354.882812	-59.356335
8365.649414	-59.144451
8376.416016	-59.215988
8387.182617	-59.179516
8397.949219	-59.153805
8408.715820	-59.156086
8419.482422	-59.249432
8430.249023	-59.245125
8441.015625	-59.310524
8451.782227	-59.297386
8462.548828	-59.246822
8473.315430	-59.252590
8484.082031	-59.265026
8494.848633	-59.440250
8505.615234	-59.366062
8516.381836	-59.378807
8527.148438	-59.306053
8537.915039	-59.293915
8548.681641	-59.372494
8559.448242	-59.342819
8570.214844	-59.168678
8580.981445	-59.178787
8591.748047	-59.134155
8602.514648	-59.226067
8613.281250	-59.288910
8624.047852	-59.346794
8634.814453	-59.415386
8645.581055	-59.165333
8656.347656	-59.341228
8667.114258	-59.455044
8677.880859	-59.451763
8688.647461	-59.579952
8699.414062	-59.623417
8710.180664	-59.495007
8720.947266	-59.475052
8731.713867	-59.553707
8742.480469	-59.492443
8753.247070	-59.456001
8764.013672	-59.449970
8774.780273	-59.433758
8785.546875	-59.530930
8796.313477	-59.596611
8807.080078	-59.513336
8817.846680	-59.572998
8828.613281	-59.552483
8839.379883	-59.383350
8850.146484	-59.406040
8860.913086	-59.482670
8871.679688	-59.484959
8882.446289	-59.640163
8893.212891	-59.770130
8903.979492	-59.767216
8914.746094	-59.668488
8925.512695	-59.559841
8936.279297	-59.515720
8947.045898	-59.480705
8957.812500	-59.480335
8968.579102	-59.548508
8979.345703	-59.496529
8990.112305	-59.559319
9000.878906	-59.624313
9011.645508	-59.517933
9022.412109	-59.531574
9033.178711	-59.719681
9043.945312	-59.640472
9054.711914	-59.637161
9065.478516	-59.538879
9076.245117	-59.478153
9087.011719	-59.632519
9097.778320	-59.555557
9108.544922	-59.483471
9119.311523	-59.597828
9130.078125	-59.803982
9140.844727	-59.822613
9151.611328	-59.722561
9162.377930	-59.721970
9173.144531	-59.708965
9183.911133	-59.610668
9194.677734	-59.635242
9205.444336	-59.710064
9216.210938	-59.774891
9226.977539	-59.791096
9237.744141	-59.851639
9248.510742	-59.830555
9259.277344	-59.795727
9270.043945	-59.665257
9280.810547	-59.562973
9291.577148	-59.697777
9302.343750	-59.672634
9313.110352	-59.743633
9323.876953	-59.688484
9334.643555	-59.740761
9345.410156	-59.730984
9356.176758	-59.708092
9366.943359	-59.836189
9377.709961	-59.858013
9388.476562	-59.802334
9399.243164	-59.890072
9410.009766	-59.907753
9420.776367	-59.935665
9431.542969	-59.841133
9442.309570	-59.718449
9453.076172	-59.748535
9463.842773	-59.852276
9474.609375	-59.824986
9485.375977	-59.730076
9496.142578	-59.789558
9506.909180	-59.866505
9517.675781	-59.874237
9528.442383	-59.849400
9539.208984	-59.908440
9549.975586	-59.961323
9560.742188	-59.929253
9571.508789	-59.911472
9582.275391	-59.942673
9593.041992	-59.821411
9603.808594	-59.812714
9614.575195	-59.855968
9625.341797	-59.920185
9636.108398	-60.028191
9646.875000	-59.916325
9657.641602	-59.859547
9668.408203	-59.976627
9679.174805	-59.901627
9689.941406	-59.810806
9700.708008	-59.977753
9711.474609	-59.973362
9722.241211	-59.870186
9733.007812	-59.908699
9743.774414	-59.932095
9754.541016	-60.009033
9765.307617	-59.944149
9776.074219	-59.910450
9786.840820	-59.946739
9797.607422	-59.919300
9808.374023	-60.024868
9819.140625	-59.988003
9829.907227	-60.084446
9840.673828	-60.078915
9851.440430	-59.956066
9862.207031	-60.012325
9872.973633	-59.997131
9883.740234	-59.976219
9894.506836	-60.159355
9905.273438	-60.060631
9916.040039	-60.025406
9926.806641	-60.053936
9937.573242	-60.075363
9948.339844	-60.053871
9959.106445	-60.116997
9969.873047	-60.101887
9980.639648	-60.117649
9991.406250	-60.088886
10002.172852	-60.062595
10012.939453	-60.129440
10023.706055	-60.123379
10034.472656	-60.017262
10045.239258	-60.103794
10056.005859	-60.064583
10066.772461	-59.897526
10077.539062	-60.032528
10088.305664	-60.117401
10099.072266	-60.143425
10109.838867	-60.022270
10120.605469	-59.978580
10131.372070	-60.011082
10142.138672	-60.060066
10152.905273	-60.111233
10163.671875	-60.169643
10174.438477	-60.154060
10185.205078	-60.081501
10195.971680	-60.174942
10206.738281	-60.201187
10217.504883	-60.139065
10228.271484	-60.137112
10239.038086	-60.308010
10249.804688	-60.259583
10260.571289	-60.112160
10271.337891	-60.017155
10282.104492	-60.157833
10292.871094	-60.230495
10303.637695	-60.237560
10314.404297	-60.236965
10325.170898	-60.057457
10335.937500	-60.098454
10346.704102	-60.287563
10357.470703	-60.251167
10368.237305	-60.198696
10379.003906	-60.335972
10389.770508	-60.177429
10400.537109	-60.130417
10411.303711	-60.234077
10422.070312	-60.187031
10432.836914	-60.073280
10443.603516	-60.147186
10454.370117	-60.246685
10465.136719	-60.342594
10475.903320	-60.318157
10486.669922	-60.245163
10497.436523	-60.223148
10508.203125	-60.304493
10518.969727	-60.355350
10529.736328	-60.417549
10540.502930	-60.370090
10551.269531	-60.393906
10562.036133	-60.409515
10572.802734	-60.206482
10583.569336	-60.166252
10594.335938	-60.276665
10605.102539	-60.348434
10615.869141	-60.356361
10626.635742	-60.389660
10637.402344	-60.210453
10648.168945	-60.262421
10658.935547	-60.338097
10669.702148	-60.286015
10680.468750	-60.298546
10691.235352	-60.371693
10702.001953	-60.389469
10712.768555	-60.443222
10723.535156	-60.404285
10734.301758	-60.357162
10745.068359	-60.574631
10755.834961	-60.463264
10766.601562	-60.394360
10777.368164	-60.439449
10788.134766	-60.454784
10798.901367	-60.406242
10809.667969	-60.399567
10820.434570	-60.480534
10831.201172	-60.585556
10841.967773	-60.490108
10852.734375	-60.374645
10863.500977	-60.365578
10874.267578	-60.372311
10885.034180	-60.468212
10895.800781	-60.501106
10906.567383	-60.357048
10917.333984	-60.489990
10928.100586	-60.556934
10938.867188	-60.411613
10949.633789	-60.533295
10960.400391	-60.459816
10971.166992	-60.518787
10981.933594	-60.429043
10992.700195	-60.524578
11003.466797	-60.480492
11014.233398	-60.507088
11025.000000	-60.610245
11035.766602	-60.488850
11046.533203	-60.571579
11057.299805	-60.499340
11068.066406	-60.410042
11078.833008	-60.550274
11089.599609	-60.603752
11100.366211	-60.534889
11111.132812	-60.524300
11121.899414	-60.585598
11132.666016	-60.468826
11143.432617	-60.541656
11154.199219	-60.640297
11164.965820	-60.591667
11175.732422	-60.575199
11186.499023	-60.671795
11197.265625	-60.620541
11208.032227	-60.494453
11218.798828	-60.577755
11229.565430	-60.766182
11240.332031	-60.699070
11251.098633	-60.580601
11261.865234	-60.731892
11272.631836	-60.629547
11283.398438	-60.701946
11294.165039	-60.657272
11304.931641	-60.650928
11315.698242	-60.631714
11326.464844	-60.727261
11337.231445	-60.462013
11347.998047	-60.515625
11358.764648	-60.613338
11369.531250	-60.547939
11380.297852	-60.623562
11391.064453	-60.626694
11401.831055	-60.719154
11412.597656	-60.680576
11423.364258	-60.699524
11434.130859	-60.772251
11444.897461	-60.708263
11455.664062	-60.677811
11466.430664	-60.636955
11477.197266	-60.717178
11487.963867	-60.826183
11498.730469	-60.819904
11509.497070	-60.769730
11520.263672	-60.812595
11531.030273	-60.923050
11541.796875	-60.705750
11552.563477	-60.685070
11563.330078	-60.680550
11574.096680	-60.791336
11584.863281	-60.881161
11595.629883	-60.803612
11606.396484	-60.886402
11617.163086	-60.742741
11627.929688	-60.760586
11638.696289	-60.774536
11649.462891	-60.820099
11660.229492	-60.940121
11670.996094	-61.019958
11681.762695	-60.948162
11692.529297	-60.803082
11703.295898	-60.804386
11714.062500	-60.929287
11724.829102	-60.903454
11735.595703	-60.796700
11746.362305	-60.884937
11757.128906	-61.038361
11767.895508	-60.907330
11778.662109	-60.697227
11789.428711	-60.750927
11800.195312	-60.870586
11810.961914	-60.957470
11821.728516	-60.936714
11832.495117	-60.835335
11843.261719	-60.865776
11854.028320	-60.915817
11864.794922	-60.863308
11875.561523	-60.930191
11886.328125	-60.954899
11897.094727	-60.838562
11907.861328	-60.740009
11918.627930	-60.770519
11929.394531	-60.845387
11940.161133	-60.843334
11950.927734	-60.875164
11961.694336	-60.806835
11972.460938	-60.833878
11983.227539	-60.920650
11993.994141	-60.910709
12004.760742	-60.853474
12015.527344	-60.871033
12026.293945	-60.880592
12037.060547	-60.725159
12047.827148	-60.790234
12058.593750	-60.961403
12069.360352	-61.017033
12080.126953	-61.057041
12090.893555	-61.004494
12101.660156	-60.989227
12112.426758	-60.821480
12123.193359	-60.826843
12133.959961	-60.894722
12144.726562	-60.959686
12155.493164	-60.974350
12166.259766	-60.886097
12177.026367	-60.957413
12187.792969	-60.926765
12198.559570	-60.958599
12209.326172	-61.007931
12220.092773	-61.159233
12230.859375	-61.106571
12241.625977	-61.043915
12252.392578	-61.064285
12263.159180	-61.102192
12273.925781	-61.120899
12284.692383	-61.110531
12295.458984	-61.054893
12306.225586	-61.046032
12316.992188	-61.102062
12327.758789	-61.167858
12338.525391	-61.217510
12349.291992	-61.222660
12360.058594	-61.165825
12370.825195	-61.086994
12381.591797	-61.089710
12392.358398	-60.978008
12403.125000	-61.144131
12413.891602	-61.186398
12424.658203	-61.210690
12435.424805	-61.069706
12446.191406	-61.038891
12456.958008	-60.926048
12467.724609	-61.072475
12478.491211	-61.280960
12489.257812	-61.149979
12500.024414	-61.137310
12510.791016	-61.112465
12521.557617	-61.119881
12532.324219	-61.191048
12543.090820	-61.275738
12553.857422	-61.136879
12564.624023	-61.094864
12575.390625	-61.230968
12586.157227	-61.214031
12596.923828	-61.237595
12607.690430	-61.237652
12618.457031	-61.232567
12629.223633	-61.257374
12639.990234	-61.130676
12650.756836	-61.144905
12661.523438	-61.333920
12672.290039	-61.304153
12683.056641	-61.174229
12693.823242	-61.192348
12704.589844	-61.305889
12715.356445	-61.373165
12726.123047	-61.261425
12736.889648	-61.180641
12747.656250	-61.302414
12758.422852	-61.385738
12769.189453	-61.315861
12779.956055	-61.354103
12790.722656	-61.334305
12801.489258	-61.261902
12812.255859	-61.311398
12823.022461	-61.419590
12833.789062	-61.327164
12844.555664	-61.155418
12855.322266	-61.130985
12866.088867	-61.227222
12876.855469	-61.211803
12887.622070	-61.353500
12898.388672	-61.374542
12909.155273	-61.336395
12919.921875	-61.292492
12930.688477	-61.381233
12941.455078	-61.256382
12952.221680	-61.320316
12962.988281	-61.393394
12973.754883	-61.421890
12984.521484	-61.284233
12995.288086	-61.334103
13006.054688	-61.310757
13016.821289	-61.381340
13027.587891	-61.282913
13038.354492	-61.385670
13049.121094	-61.291100
13059.887695	-61.236496
13070.654297	-61.196026
13081.420898	-61.474377
13092.187500	-61.519371
13102.954102	-61.227055
13113.720703	-61.292000
13124.487305	-61.257099
13135.253906	-61.305576
13146.020508	-61.495953
13156.787109	-61.433563
13167.553711	-61.500576
13178.320312	-61.528145
13189.086914	-61.439049
13199.853516	-61.412468
13210.620117	-61.444447
13221.386719	-61.420673
13232.153320	-61.451843
13242.919922	-61.454723
13253.686523	-61.413410
13264.453125	-61.407112
13275.219727	-61.375931
13285.986328	-61.348351
13296.752930	-61.320148
13307.519531	-61.388760
13318.286133	-61.394939
13329.052734	-61.380093
13339.819336	-61.419735
13350.585938	-61.415401
13361.352539	-61.385101
13372.119141	-61.449314
13382.885742	-61.520519
13393.652344	-61.385624
13404.418945	-61.316051
13415.185547	-61.595066
13425.952148	-61.688190
13436.718750	-61.519161
13447.485352	-61.425198
13458.251953	-61.582867
13469.018555	-61.601685
13479.785156	-61.603836
13490.551758	-61.605122
13501.318359	-61.512066
13512.084961	-61.452572
13522.851562	-61.495453
13533.618164	-61.512360
13544.384766	-61.458290
13555.151367	-61.484550
13565.917969	-61.509621
13576.684570	-61.483051
13587.451172	-61.455940
13598.217773	-61.513447
13608.984375	-61.585987
13619.750977	-61.523453
13630.517578	-61.604942
13641.284180	-61.514149
13652.050781	-61.503716
13662.817383	-61.502384
13673.583984	-61.583031
13684.350586	-61.705803
13695.117188	-61.661037
13705.883789	-61.557701
13716.650391	-61.624512
13727.416992	-61.618511
13738.183594	-61.545357
13748.950195	-61.540451
13759.716797	-61.563709
13770.483398	-61.569408
13781.250000	-61.534882
13792.016602	-61.554558
13802.783203	-61.546402
13813.549805	-61.676678
13824.316406	-61.678810
13835.083008	-61.623745
13845.849609	-61.534779
13856.616211	-61.586227
13867.382812	-61.569721
13878.149414	-61.714867
13888.916016	-61.717247
13899.682617	-61.702179
13910.449219	-61.678173
13921.215820	-61.479271
13931.982422	-61.614166
13942.749023	-61.755592
13953.515625	-61.716084
13964.282227	-61.588482
13975.048828	-61.720028
13985.815430	-61.672268
13996.582031	-61.699097
14007.348633	-61.778187
14018.115234	-61.749416
14028.881836	-61.677902
14039.648438	-61.700207
14050.415039	-61.673805
14061.181641	-61.730984
14071.948242	-61.649380
14082.714844	-61.575363
14093.481445	-61.773952
14104.248047	-61.678825
14115.014648	-61.630455
14125.781250	-61.569332
14136.547852	-61.634209
14147.314453	-61.865490
14158.081055	-61.849709
14168.847656	-61.675594
14179.614258	-61.656727
14190.380859	-61.762901
14201.147461	-61.781956
14211.914062	-61.740753
14222.680664	-61.650093
14233.447266	-61.591080
14244.213867	-61.649590
14254.980469	-61.699684
14265.747070	-61.710098
14276.513672	-61.822826
14287.280273	-61.816677
14298.046875	-61.741264
14308.813477	-61.659115
14319.580078	-61.663357
14330.346680	-61.640625
14341.113281	-61.798080
14351.879883	-61.835873
14362.646484	-61.852364
14373.413086	-61.783993
14384.179688	-61.858891
14394.946289	-61.749763
14405.712891	-61.763260
14416.479492	-61.678532
14427.246094	-61.707436
14438.012695	-61.688259
14448.779297	-61.824783
14459.545898	-61.804245
14470.312500	-61.706203
14481.079102	-61.781174
14491.845703	-61.835751
14502.612305	-61.754395
14513.378906	-61.788025
14524.145508	-61.874851
14534.912109	-61.847637
14545.678711	-61.965744
14556.445312	-61.953278
14567.211914	-61.814590
14577.978516	-61.922626
14588.745117	-61.851566
14599.511719	-61.759655
14610.278320	-61.913647
14621.044922	-61.978622
14631.811523	-61.927898
14642.578125	-61.965206
14653.344727	-62.039062
14664.111328	-61.960022
14674.877930	-62.012749
14685.644531	-61.990669
14696.411133	-62.033058
14707.177734	-61.983864
14717.944336	-61.994186
14728.710938	-61.926517
14739.477539	-62.016632
14750.244141	-62.034473
14761.010742	-62.011284
14771.777344	-61.783760
14782.543945	-61.800495
14793.310547	-61.844646
14804.077148	-61.949131
14814.843750	-61.951405
14825.610352	-61.830330
14836.376953	-61.932949
14847.143555	-61.977295
14857.910156	-62.026928
14868.676758	-62.034660
14879.443359	-62.098373
14890.209961	-62.054268
14900.976562	-61.917458
14911.743164	-61.861187
14922.509766	-62.009899
14933.276367	-61.942909
14944.042969	-62.055191
14954.809570	-61.930756
14965.576172	-61.853436
14976.342773	-61.840843
14987.109375	-61.927429
14997.875977	-62.094414
15008.642578	-62.145885
15019.409180	-61.980381
15030.175781	-62.047485
15040.942383	-62.059010
15051.708984	-62.013924
15062.475586	-62.026310
15073.242188	-62.026943
15084.008789	-62.161472
15094.775391	-62.018494
15105.541992	-62.123734
15116.308594	-62.183983
15127.075195	-62.096867
15137.841797	-62.078712
15148.608398	-61.981949
15159.375000	-61.901909
15170.141602	-62.016750
15180.908203	-62.134880
15191.674805	-62.134773
15202.441406	-62.143471
15213.208008	-62.156975
15223.974609	-62.128506
15234.741211	-62.112328
15245.507812	-62.231430
15256.274414	-62.161263
15267.041016	-62.153065
15277.807617	-62.097630
15288.574219	-61.875301
15299.340820	-62.084431
15310.107422	-62.109203
15320.874023	-62.041382
15331.640625	-62.087917
15342.407227	-62.206875
15353.173828	-62.161743
15363.940430	-62.213081
15374.707031	-62.307549
15385.473633	-62.313938
15396.240234	-62.083466
15407.006836	-61.998455
15417.773438	-62.042862
15428.540039	-62.131847
15439.306641	-62.188412
15450.073242	-62.248161
15460.839844	-62.258907
15471.606445	-62.241714
15482.373047	-62.125580
15493.139648	-62.219513
15503.906250	-62.252682
15514.672852	-62.231564
15525.439453	-62.226192
15536.206055	-62.198067
15546.972656	-62.077942
15557.739258	-62.134872
15568.505859	-62.134563
15579.272461	-62.208916
15590.039062	-62.263641
15600.805664	-62.105640
15611.572266	-62.124878
15622.338867	-62.109806
15633.105469	-62.275890
15643.872070	-62.326492
15654.638672	-62.284470
15665.405273	-62.144386
15676.171875	-62.282253
15686.938477	-62.406933
15697.705078	-62.372471
15708.471680	-62.414326
15719.238281	-62.247749
15730.004883	-62.182762
15740.771484	-62.238716
15751.538086	-62.330593
15762.304688	-62.308903
15773.071289	-62.389355
15783.837891	-62.222630
15794.604492	-62.194305
15805.371094	-62.276855
15816.137695	-62.347637
15826.904297	-62.275295
15837.670898	-62.366745
15848.437500	-62.309422
15859.204102	-62.316067
15869.970703	-62.266109
15880.737305	-62.218918
15891.503906	-62.392612
15902.270508	-62.309216
15913.037109	-62.242485
15923.803711	-62.424301
15934.570312	-62.527130
15945.336914	-62.421696
15956.103516	-62.293312
15966.870117	-62.400856
15977.636719	-62.307175
15988.403320	-62.294655
15999.169922	-62.390297
16009.936523	-62.295109
16020.703125	-62.242577
16031.469727	-62.255146
16042.236328	-62.387276
16053.002930	-62.399082
16063.769531	-62.374363
16074.536133	-62.306339
16085.302734	-62.262295
16096.069336	-62.409660
16106.835938	-62.342609
16117.602539	-62.282909
16128.369141	-62.315147
16139.135742	-62.351845
16149.902344	-62.368744
16160.668945	-62.505085
16171.435547	-62.415531
16182.202148	-62.309052
16192.968750	-62.346062
16203.735352	-62.328640
16214.501953	-62.277512
16225.268555	-62.379684
16236.035156	-62.483715
16246.801758	-62.419407
16257.568359	-62.309849
16268.334961	-62.530937
16279.101562	-62.451962
16289.868164	-62.264565
16300.634766	-62.304123
16311.401367	-62.374889
16322.167969	-62.409626
16332.934570	-62.353683
16343.701172	-62.364418
16354.467773	-62.281612
16365.234375	-62.458462
16376.000977	-62.552925
16386.767578	-62.576317
16397.534180	-62.578976
16408.300781	-62.542763
16419.067383	-62.689911
16429.833984	-62.509319
16440.600586	-62.452751
16451.367188	-62.506336
16462.133789	-62.506214
16472.900391	-62.355072
16483.666992	-62.437546
16494.433594	-62.601009
16505.200195	-62.665123
16515.966797	-62.504681
16526.733398	-62.589245
16537.500000	-62.611851
16548.266602	-62.563232
16559.033203	-62.452171
16569.799805	-62.403149
16580.566406	-62.486221
16591.333008	-62.611252
16602.099609	-62.620861
16612.866211	-62.367527
16623.632812	-62.419037
16634.399414	-62.588852
16645.166016	-62.512585
16655.932617	-62.538002
16666.699219	-62.550713
16677.465820	-62.479073
16688.232422	-62.481571
16698.999023	-62.463688
16709.765625	-62.582443
16720.532227	-62.562500
16731.298828	-62.494362
16742.065430	-62.583385
16752.832031	-62.611458
16763.598633	-62.807411
16774.365234	-62.658398
16785.131836	-62.558990
16795.898438	-62.545383
16806.665039	-62.622429
16817.431641	-62.681465
16828.198242	-62.561848
16838.964844	-62.472942
16849.731445	-62.530216
16860.498047	-62.460522
16871.264648	-62.513760
16882.031250	-62.622364
16892.797852	-62.696884
16903.564453	-62.643463
16914.331055	-62.501514
16925.097656	-62.581348
16935.864258	-62.580029
16946.630859	-62.642693
16957.397461	-62.737751
16968.164062	-62.719765
16978.930664	-62.478439
16989.697266	-62.531734
17000.463867	-62.601299
17011.230469	-62.751163
17021.997070	-62.797424
17032.763672	-62.614616
17043.530273	-62.521839
17054.296875	-62.727390
17065.063477	-62.732353
17075.830078	-62.655792
17086.596680	-62.632282
17097.363281	-62.757454
17108.129883	-62.777176
17118.896484	-62.675438
17129.663086	-62.707878
17140.429688	-62.559353
17151.196289	-62.565094
17161.962891	-62.713642
17172.729492	-62.793461
17183.496094	-62.728363
17194.262695	-62.546474
17205.029297	-62.521294
17215.795898	-62.741089
17226.562500	-62.895191
17237.329102	-62.803677
17248.095703	-62.645355
17258.862305	-62.810535
17269.628906	-62.743999
17280.395508	-62.774990
17291.162109	-62.811737
17301.928711	-62.716236
17312.695312	-62.619186
17323.461914	-62.608891
17334.228516	-62.703964
17344.995117	-62.511745
17355.761719	-62.532516
17366.528320	-62.706619
17377.294922	-62.765823
17388.061523	-62.692265
17398.828125	-62.642971
17409.594727	-62.682472
17420.361328	-62.773220
17431.127930	-62.717045
17441.894531	-62.781891
17452.661133	-62.783901
17463.427734	-62.821476
17474.194336	-62.842659
17484.960938	-62.825481
17495.727539	-62.828808
17506.494141	-62.891941
17517.260742	-62.871418
17528.027344	-62.777145
17538.793945	-62.730923
17549.560547	-62.881630
17560.327148	-62.918987
17571.093750	-62.876282
17581.860352	-62.940384
17592.626953	-62.964550
17603.393555	-62.907326
17614.160156	-62.855240
17624.926758	-62.765846
17635.693359	-62.813198
17646.459961	-62.979870
17657.226562	-62.886948
17667.993164	-62.745903
17678.759766	-62.787903
17689.526367	-62.916954
17700.292969	-62.950661
17711.059570	-62.921715
17721.826172	-62.914742
17732.592773	-62.976326
17743.359375	-62.951084
17754.125977	-62.757122
17764.892578	-62.849983
17775.659180	-62.893978
17786.425781	-62.982262
17797.192383	-63.002384
17807.958984	-62.813908
17818.725586	-62.906734
17829.492188	-62.866840
17840.258789	-62.795799
17851.025391	-63.017193
17861.791992	-62.836582
17872.558594	-62.839649
17883.325195	-62.938156
17894.091797	-62.836132
17904.858398	-62.854961
17915.625000	-62.942532
17926.391602	-62.951069
17937.158203	-62.905151
17947.924805	-62.978233
17958.691406	-63.040062
17969.458008	-62.964527
17980.224609	-63.035370
17990.991211	-62.957279
18001.757812	-62.855209
18012.524414	-62.921341
18023.291016	-62.889702
18034.057617	-62.903690
18044.824219	-63.037880
18055.590820	-62.967968
18066.357422	-63.057438
18077.124023	-63.101753
18087.890625	-63.039215
18098.657227	-63.156219
18109.423828	-63.088913
18120.190430	-63.029572
18130.957031	-63.105045
18141.723633	-63.028694
18152.490234	-62.909489
18163.256836	-63.029053
18174.023438	-63.153225
18184.790039	-63.133465
18195.556641	-62.930695
18206.323242	-63.037228
18217.089844	-63.178818
18227.856445	-62.967442
18238.623047	-62.959148
18249.389648	-62.962395
18260.156250	-62.951599
18270.922852	-62.975780
18281.689453	-62.936356
18292.456055	-63.062630
18303.222656	-63.074013
18313.989258	-63.004467
18324.755859	-62.942688
18335.522461	-63.016602
18346.289062	-62.834988
18357.055664	-62.901413
18367.822266	-63.010784
18378.588867	-63.045582
18389.355469	-63.008488
18400.122070	-63.076046
18410.888672	-63.055130
18421.655273	-63.025211
18432.421875	-62.964363
18443.188477	-63.036114
18453.955078	-63.040081
18464.721680	-63.119530
18475.488281	-63.099823
18486.254883	-63.169559
18497.021484	-63.268749
18507.788086	-63.145649
18518.554688	-63.071331
18529.321289	-63.014019
18540.087891	-63.177670
18550.854492	-63.186646
18561.621094	-63.127949
18572.387695	-63.043583
18583.154297	-63.200581
18593.920898	-63.136627
18604.687500	-63.226437
18615.454102	-63.239239
18626.220703	-63.176540
18636.987305	-63.297749
18647.753906	-63.205502
18658.520508	-63.133373
18669.287109	-63.220268
18680.053711	-63.070034
18690.820312	-63.139568
18701.586914	-63.274063
18712.353516	-63.232613
18723.120117	-63.251579
18733.886719	-63.301430
18744.653320	-63.236034
18755.419922	-63.171185
18766.186523	-63.240028
18776.953125	-63.126720
18787.719727	-63.178356
18798.486328	-63.194374
18809.252930	-63.083118
18820.019531	-63.072701
18830.786133	-63.170612
18841.552734	-63.174191
18852.319336	-63.367645
18863.085938	-63.474781
18873.852539	-63.455158
18884.619141	-63.398972
18895.385742	-63.336491
18906.152344	-63.238728
18916.918945	-63.293728
18927.685547	-63.243950
18938.452148	-63.182491
18949.218750	-63.192780
18959.985352	-63.303940
18970.751953	-63.284206
18981.518555	-63.202400
18992.285156	-63.253094
19003.051758	-63.402809
19013.818359	-63.433159
19024.584961	-63.490402
19035.351562	-63.476940
19046.118164	-63.482693
19056.884766	-63.410923
19067.651367	-63.459370
19078.417969	-63.404743
19089.184570	-63.420135
19099.951172	-63.395126
19110.717773	-63.389084
19121.484375	-63.392963
19132.250977	-63.459755
19143.017578	-63.475658
19153.784180	-63.463802
19164.550781	-63.474220
19175.317383	-63.578228
19186.083984	-63.591900
19196.850586	-63.516628
19207.617188	-63.578522
19218.383789	-63.539604
19229.150391	-63.328476
19239.916992	-63.462746
19250.683594	-63.576889
19261.450195	-63.605289
19272.216797	-63.685802
19282.983398	-63.703926
19293.750000	-63.639172
19304.516602	-63.511150
19315.283203	-63.548176
19326.049805	-63.593029
19336.816406	-63.571777
19347.583008	-63.507542
19358.349609	-63.688992
19369.116211	-63.771862
19379.882812	-63.575943
19390.649414	-63.628754
19401.416016	-63.470680
19412.182617	-63.660839
19422.949219	-63.753254
19433.715820	-63.774567
19444.482422	-63.643578
19455.249023	-63.625980
19466.015625	-63.688408
19476.782227	-63.632145
19487.548828	-63.521816
19498.315430	-63.552544
19509.082031	-63.661861
19519.848633	-63.919079
19530.615234	-63.831879
19541.381836	-63.617821
19552.148438	-63.741196
19562.915039	-63.713570
19573.681641	-63.648952
19584.448242	-63.723564
19595.214844	-63.810242
19605.981445	-63.817856
19616.748047	-63.821999
19627.514648	-63.944450
19638.281250	-63.776596
19649.047852	-63.671146
19659.814453	-63.788490
19670.581055	-63.906567
19681.347656	-63.992443
19692.114258	-63.937489
19702.880859	-63.906998
19713.647461	-63.849804
19724.414062	-63.941147
19735.180664	-63.952824
19745.947266	-63.861115
19756.713867	-63.953850
19767.480469	-63.914467
19778.247070	-63.928268
19789.013672	-63.780174
19799.780273	-63.903492
19810.546875	-63.889908
19821.313477	-63.903294
19832.080078	-63.993042
19842.846680	-64.018921
19853.613281	-64.077965
19864.379883	-64.036392
19875.146484	-64.076073
19885.913086	-63.985397
19896.679688	-63.942799
19907.446289	-64.145370
19918.212891	-64.127792
19928.979492	-64.054878
19939.746094	-64.119522
19950.512695	-64.186836
19961.279297	-64.119621
19972.045898	-64.205406
19982.812500	-64.190605
19993.579102	-64.165634
20004.345703	-64.225945
20015.112305	-64.308937
20025.878906	-64.197960
20036.645508	-64.191757
20047.412109	-64.253006
20058.178711	-64.415604
20068.945312	-64.423584
20079.711914	-64.277229
20090.478516	-64.384346
20101.245117	-64.467995
20112.011719	-64.486557
20122.778320	-64.478111
20133.544922	-64.341980
20144.311523	-64.467674
20155.078125	-64.564430
20165.844727	-64.549126
20176.611328	-64.537842
20187.377930	-64.493912
20198.144531	-64.590500
20208.911133	-64.576355
20219.677734	-64.491386
20230.444336	-64.577652
20241.210938	-64.555069
20251.977539	-64.537498
20262.744141	-64.671280
20273.510742	-64.778473
20284.277344	-64.901375
20295.043945	-64.838806
20305.810547	-64.657173
20316.577148	-64.627449
20327.343750	-64.640945
20338.110352	-64.829872
20348.876953	-64.791237
20359.643555	-64.696144
20370.410156	-64.725555
20381.176758	-64.857613
20391.943359	-64.835602
20402.709961	-64.777275
20413.476562	-64.846588
20424.243164	-64.817001
20435.009766	-64.814835
20445.776367	-64.872337
20456.542969	-64.769066
20467.309570	-64.976997
20478.076172	-64.856819
20488.842773	-64.867210
20499.609375	-64.890961
20510.375977	-64.881165
20521.142578	-65.033279
20531.909180	-65.066238
20542.675781	-64.902817
20553.442383	-64.975960
20564.208984	-65.081528
20574.975586	-65.007568
20585.742188	-65.106056
20596.508789	-65.194130
20607.275391	-65.151039
20618.041992	-65.172821
20628.808594	-65.223503
20639.575195	-65.185722
20650.341797	-65.255478
20661.108398	-65.297050
20671.875000	-65.305450
20682.641602	-65.134377
20693.408203	-65.047867
20704.174805	-65.140739
20714.941406	-65.464592
20725.708008	-65.505959
20736.474609	-65.428757
20747.241211	-65.369156
20758.007812	-65.494614
20768.774414	-65.411476
20779.541016	-65.376534
20790.307617	-65.423424
20801.074219	-65.539352
20811.840820	-65.399368
20822.607422	-65.392143
20833.374023	-65.560165
20844.140625	-65.641205
20854.907227	-65.638298
20865.673828	-65.681839
20876.440430	-65.723373
20887.207031	-65.577797
20897.973633	-65.715370
20908.740234	-65.791809
20919.506836	-65.757294
20930.273438	-65.857536
20941.040039	-65.822861
20951.806641	-65.688591
20962.573242	-65.740860
20973.339844	-65.931839
20984.106445	-65.789040
20994.873047	-65.723495
21005.639648	-65.683022
21016.406250	-65.726501
21027.172852	-65.937134
21037.939453	-65.975929
21048.706055	-65.993713
21059.472656	-65.920265
21070.239258	-65.928482
21081.005859	-66.038254
21091.772461	-66.098175
21102.539062	-66.154617
21113.305664	-66.114059
21124.072266	-66.000191
21134.838867	-65.986153
21145.605469	-66.070610
21156.372070	-66.229843
21167.138672	-66.166161
21177.905273	-66.025841
21188.671875	-65.994217
21199.438477	-66.114792
21210.205078	-66.336739
21220.971680	-66.380226
21231.738281	-66.334496
21242.504883	-66.318504
21253.271484	-66.350342
21264.038086	-66.335777
21274.804688	-66.375938
21285.571289	-66.288994
21296.337891	-66.385239
21307.104492	-66.530151
21317.871094	-66.556488
21328.637695	-66.432335
21339.404297	-66.409828
21350.170898	-66.403976
21360.937500	-66.412621
21371.704102	-66.517426
21382.470703	-66.453049
21393.237305	-66.546890
21404.003906	-66.581894
21414.770508	-66.633293
21425.537109	-66.799072
21436.303711	-66.762421
21447.070312	-66.734535
21457.836914	-66.727654
21468.603516	-66.852486
21479.370117	-66.701180
21490.136719	-66.595146
21500.903320	-66.862068
21511.669922	-66.977722
21522.436523	-66.768692
21533.203125	-66.760391
21543.969727	-66.904289
21554.736328	-66.878098
21565.502930	-66.848366
21576.269531	-66.810898
21587.036133	-66.920830
21597.802734	-66.854141
21608.569336	-66.870979
21619.335938	-66.932426
21630.102539	-66.852196
21640.869141	-66.897850
21651.635742	-66.964676
21662.402344	-66.862305
21673.168945	-66.929192
21683.935547	-66.891235
21694.702148	-66.939758
21705.468750	-67.061470
21716.235352	-67.113312
21727.001953	-67.103371
21737.768555	-67.146896
21748.535156	-67.157303
21759.301758	-66.986420
21770.068359	-66.991524
21780.834961	-67.055420
21791.601562	-67.125298
21802.368164	-67.145615
21813.134766	-67.072372
21823.901367	-67.030960
21834.667969	-67.096519
21845.434570	-67.130630
21856.201172	-67.057625
21866.967773	-66.990669
21877.734375	-67.049690
21888.500977	-67.014603
21899.267578	-67.219582
21910.034180	-67.274124
21920.800781	-67.028961
21931.567383	-67.160675
21942.333984	-67.194519
21953.100586	-67.210938
21963.867188	-67.263397
21974.633789	-67.162247
21985.400391	-67.148216
21996.166992	-67.069885
22006.933594	-67.177689
22017.700195	-67.228401
22028.466797	-67.326775
22039.233398	-67.302132
