Frequency (Hz)	Level (dB)
10.766602	-24.087479
21.533203	-28.746849
32.299805	-31.195961
43.066406	-32.861881
53.833008	-33.933746
64.599609	-34.866871
75.366211	-35.707062
86.132812	-36.213615
96.899414	-36.927635
107.666016	-37.464367
118.432617	-37.717445
129.199219	-38.309177
139.965820	-38.796494
150.732422	-38.956692
161.499023	-39.314640
172.265625	-39.620995
183.032227	-39.756832
193.798828	-40.163151
204.565430	-40.362545
215.332031	-40.667862
226.098633	-40.911163
236.865234	-40.957794
247.631836	-41.259148
258.398438	-41.502426
269.165039	-41.821327
279.931641	-42.111435
290.698242	-42.315739
301.464844	-42.319328
312.231445	-42.525169
322.998047	-42.736900
333.764648	-42.982018
344.531250	-43.089718
355.297852	-43.116348
366.064453	-43.084255
376.831055	-43.397865
387.597656	-43.606842
398.364258	-43.822029
409.130859	-43.891396
419.897461	-44.017536
430.664062	-44.136509
441.430664	-44.222385
452.197266	-44.439285
462.963867	-44.526360
473.730469	-44.526817
484.497070	-44.791119
495.263672	-44.925728
506.030273	-44.909916
516.796875	-45.023964
527.563477	-45.138966
538.330078	-45.023788
549.096680	-45.192596
559.863281	-45.509605
570.629883	-45.659081
581.396484	-45.594021
592.163086	-45.610367
602.929688	-45.686882
613.696289	-45.829391
624.462891	-46.007923
635.229492	-46.341728
645.996094	-46.226196
656.762695	-46.223251
667.529297	-46.464485
678.295898	-46.465023
689.062500	-46.538452
699.829102	-46.559956
710.595703	-46.501671
721.362305	-46.513958
732.128906	-46.547207
742.895508	-46.201706
753.662109	-46.489140
764.428711	-45.676266
775.195312	-45.104107
785.961914	-46.462051
796.728516	-47.402824
807.495117	-47.295933
818.261719	-47.394238
829.028320	-47.537460
839.794922	-47.324589
850.561523	-47.373528
861.328125	-47.304527
872.094727	-46.972050
882.861328	-47.443573
893.627930	-47.794247
904.394531	-47.799572
915.161133	-47.783775
925.927734	-47.743042
936.694336	-46.992371
947.460938	-46.881073
958.227539	-47.864239
968.994141	-48.015022
979.760742	-47.884380
990.527344	-47.993549
1001.293945	-42.838531
1012.060547	-38.313606
1022.827148	-38.191101
1033.593750	-41.257404
1044.360352	-47.384430
1055.126953	-48.553425
1065.893555	-48.731499
1076.660156	-48.706402
1087.426758	-47.251446
1098.193359	-45.285007
1108.959961	-47.166008
1119.726562	-48.319180
1130.493164	-48.923740
1141.259766	-49.228947
1152.026367	-49.189182
1162.792969	-49.246876
1173.559570	-49.193184
1184.326172	-48.735081
1195.092773	-47.385941
1205.859375	-47.706982
1216.625977	-48.920979
1227.392578	-47.807411
1238.159180	-48.111500
1248.925781	-48.668747
1259.692383	-48.669159
1270.458984	-49.073860
1281.225586	-48.633640
1291.992188	-48.855816
1302.758789	-49.637356
1313.525391	-49.712215
1324.291992	-49.645477
1335.058594	-49.459377
1345.825195	-49.673286
1356.591797	-49.530537
1367.358398	-49.773182
1378.125000	-49.993397
1388.891602	-49.598152
1399.658203	-49.546783
1410.424805	-49.245388
1421.191406	-48.790180
1431.958008	-49.429363
1442.724609	-49.569012
1453.491211	-50.027821
1464.257812	-50.495846
1475.024414	-50.310631
1485.791016	-50.542004
1496.557617	-50.520546
1507.324219	-50.505562
1518.090820	-50.585602
1528.857422	-50.392673
1539.624023	-50.624397
1550.390625	-50.486786
1561.157227	-50.204849
1571.923828	-50.399948
1582.690430	-50.226059
1593.457031	-49.618458
1604.223633	-49.463120
1614.990234	-49.801277
1625.756836	-50.819145
1636.523438	-51.137791
1647.290039	-50.713043
1658.056641	-50.551933
1668.823242	-50.274837
1679.589844	-47.981808
1690.356445	-46.100945
1701.123047	-44.152866
1711.889648	-44.050480
1722.656250	-45.176842
1733.422852	-48.348255
1744.189453	-47.795185
1754.956055	-46.003517
1765.722656	-45.435398
1776.489258	-45.590481
1787.255859	-46.326664
1798.022461	-45.363716
1808.789062	-45.652737
1819.555664	-48.893444
1830.322266	-49.173874
1841.088867	-49.163528
1851.855469	-47.771305
1862.622070	-44.916904
1873.388672	-43.062057
1884.155273	-39.853264
1894.921875	-37.480278
1905.688477	-37.844147
1916.455078	-38.703804
1927.221680	-40.338009
1937.988281	-43.958542
1948.754883	-47.039867
1959.521484	-50.211075
1970.288086	-50.075806
1981.054688	-47.469872
1991.821289	-47.219074
2002.587891	-49.724667
2013.354492	-48.691776
2024.121094	-46.177578
2034.887695	-43.497509
2045.654297	-41.074097
2056.420898	-41.546574
2067.187500	-45.579758
2077.954102	-46.732159
2088.720703	-45.956886
2099.487305	-46.720036
2110.253906	-47.350563
2121.020508	-48.928699
2131.787109	-50.032299
2142.553711	-49.105492
2153.320312	-47.689030
2164.086914	-49.944675
2174.853516	-51.370975
2185.620117	-49.620270
2196.386719	-47.178646
2207.153320	-45.435009
2217.919922	-44.827698
2228.686523	-46.431232
2239.453125	-48.665203
2250.219727	-50.545395
2260.986328	-50.200592
2271.752930	-50.556629
2282.519531	-49.930576
2293.286133	-49.634521
2304.052734	-49.711155
2314.819336	-47.841991
2325.585938	-47.623375
2336.352539	-48.043465
2347.119141	-47.414711
2357.885742	-47.047905
2368.652344	-46.420597
2379.418945	-47.635998
2390.185547	-47.278187
2400.952148	-44.415508
2411.718750	-42.218315
2422.485352	-41.901569
2433.251953	-43.817024
2444.018555	-47.100922
2454.785156	-50.138565
2465.551758	-50.630188
2476.318359	-50.463264
2487.084961	-50.527203
2497.851562	-49.594151
2508.618164	-49.781231
2519.384766	-50.549221
2530.151367	-49.963665
2540.917969	-49.600262
2551.684570	-50.245625
2562.451172	-51.413521
2573.217773	-52.443233
2583.984375	-53.049767
2594.750977	-53.329597
2605.517578	-53.038197
2616.284180	-52.722683
2627.050781	-52.612453
2637.817383	-52.709564
2648.583984	-53.262184
2659.350586	-52.950092
2670.117188	-51.257660
2680.883789	-50.415291
2691.650391	-50.858864
2702.416992	-51.990303
2713.183594	-51.913963
2723.950195	-51.638958
2734.716797	-50.694969
2745.483398	-49.627083
2756.250000	-48.746300
2767.016602	-49.249077
2777.783203	-51.876549
2788.549805	-52.829769
2799.316406	-50.698029
2810.083008	-48.862213
2820.849609	-49.840546
2831.616211	-49.219017
2842.382812	-50.636276
2853.149414	-51.146019
2863.916016	-49.890831
2874.682617	-50.568817
2885.449219	-49.761265
2896.215820	-48.850681
2906.982422	-50.296185
2917.749023	-50.854759
2928.515625	-50.777927
2939.282227	-51.539135
2950.048828	-49.861710
2960.815430	-49.646660
2971.582031	-47.409878
2982.348633	-47.030266
2993.115234	-46.720684
3003.881836	-45.635391
3014.648438	-46.285999
3025.415039	-48.791660
3036.181641	-47.562569
3046.948242	-46.674152
3057.714844	-49.718582
3068.481445	-50.985970
3079.248047	-49.228958
3090.014648	-50.437824
3100.781250	-51.959068
3111.547852	-49.730099
3122.314453	-49.279583
3133.081055	-49.277893
3143.847656	-47.059757
3154.614258	-45.558437
3165.380859	-45.157063
3176.147461	-46.481251
3186.914062	-49.187489
3197.680664	-48.971752
3208.447266	-48.981586
3219.213867	-51.847919
3229.980469	-53.996853
3240.747070	-53.279461
3251.513672	-53.417511
3262.280273	-52.590256
3273.046875	-51.072449
3283.813477	-49.432190
3294.580078	-51.062885
3305.346680	-51.248917
3316.113281	-47.259247
3326.879883	-47.369583
3337.646484	-49.795822
3348.413086	-49.653816
3359.179688	-50.169025
3369.946289	-48.539162
3380.712891	-47.655891
3391.479492	-45.444775
3402.246094	-45.875031
3413.012695	-47.234097
3423.779297	-48.132828
3434.545898	-49.905006
3445.312500	-49.520630
3456.079102	-44.859421
3466.845703	-42.579323
3477.612305	-40.900917
3488.378906	-40.537006
3499.145508	-41.408142
3509.912109	-41.809929
3520.678711	-44.902397
3531.445312	-48.464764
3542.211914	-51.137150
3552.978516	-50.555668
3563.745117	-51.259930
3574.511719	-51.982792
3585.278320	-52.041542
3596.044922	-52.286900
3606.811523	-51.069412
3617.578125	-49.865128
3628.344727	-49.907520
3639.111328	-50.998257
3649.877930	-51.011600
3660.644531	-50.119324
3671.411133	-52.452259
3682.177734	-51.098957
3692.944336	-47.868614
3703.710938	-46.814423
3714.477539	-47.223522
3725.244141	-47.918400
3736.010742	-49.580944
3746.777344	-51.331951
3757.543945	-53.289227
3768.310547	-54.524918
3779.077148	-54.843563
3789.843750	-55.111832
3800.610352	-54.400089
3811.376953	-52.941559
3822.143555	-51.635586
3832.910156	-52.117500
3843.676758	-53.187492
3854.443359	-53.844227
3865.209961	-54.493660
3875.976562	-53.946899
3886.743164	-53.933411
3897.509766	-53.366657
3908.276367	-53.136311
3919.042969	-54.367870
3929.809570	-54.941181
3940.576172	-55.399773
3951.342773	-55.790718
3962.109375	-55.668709
3972.875977	-55.672379
3983.642578	-55.652809
3994.409180	-56.013660
4005.175781	-56.238846
4015.942383	-56.243584
4026.708984	-56.125771
4037.475586	-56.069035
4048.242188	-56.101959
4059.008789	-56.105747
4069.775391	-56.115955
4080.541992	-56.173557
4091.308594	-56.269943
4102.075195	-56.269157
4112.841797	-56.171040
4123.608398	-56.197113
4134.375000	-56.271294
4145.141602	-56.192188
4155.908203	-56.183704
4166.674805	-56.294296
4177.441406	-56.160339
4188.208008	-56.236031
4198.974609	-56.340324
4209.741211	-56.344570
4220.507812	-56.440807
4231.274414	-56.439240
4242.041016	-56.349941
4252.807617	-56.482880
4263.574219	-56.642506
4274.340820	-56.510315
4285.107422	-56.431149
4295.874023	-56.449348
4306.640625	-56.440086
4317.407227	-56.496349
4328.173828	-56.434734
4338.940430	-56.388710
4349.707031	-56.558147
4360.473633	-56.623005
4371.240234	-56.614353
4382.006836	-56.466099
4392.773438	-56.593418
4403.540039	-56.588295
4414.306641	-56.619827
4425.073242	-56.576656
4435.839844	-56.573608
4446.606445	-56.628082
4457.373047	-56.678429
4468.139648	-56.622547
4478.906250	-56.829292
4489.672852	-56.638329
4500.439453	-56.561989
4511.206055	-56.644833
4521.972656	-56.731129
4532.739258	-56.751087
4543.505859	-56.722240
4554.272461	-56.701897
4565.039062	-56.738354
4575.805664	-56.829796
4586.572266	-56.836906
4597.338867	-56.781178
4608.105469	-56.763481
4618.872070	-56.831169
4629.638672	-56.901112
4640.405273	-56.795254
4651.171875	-56.815086
4661.938477	-56.757896
4672.705078	-56.771847
4683.471680	-56.810574
4694.238281	-56.962784
4705.004883	-56.964638
4715.771484	-56.960396
4726.538086	-56.894371
4737.304688	-57.025970
4748.071289	-57.055809
4758.837891	-56.987289
4769.604492	-57.021702
4780.371094	-57.072685
4791.137695	-57.137993
4801.904297	-57.091469
4812.670898	-57.012402
4823.437500	-57.141243
4834.204102	-57.114239
4844.970703	-57.047092
4855.737305	-57.090839
4866.503906	-57.085342
4877.270508	-57.090340
4888.037109	-57.067581
4898.803711	-57.216339
4909.570312	-57.168343
4920.336914	-57.139694
4931.103516	-57.156628
4941.870117	-57.132797
4952.636719	-57.284218
4963.403320	-57.193222
4974.169922	-57.138855
4984.936523	-57.234428
4995.703125	-57.233139
5006.469727	-57.197098
5017.236328	-57.211300
5028.002930	-57.347134
5038.769531	-57.162533
5049.536133	-57.141441
5060.302734	-57.087452
5071.069336	-57.268414
5081.835938	-57.304943
5092.602539	-57.337521
5103.369141	-57.226460
5114.135742	-57.309242
5124.902344	-57.200588
5135.668945	-57.248135
5146.435547	-57.319038
5157.202148	-57.282104
5167.968750	-57.381554
5178.735352	-57.409821
5189.501953	-57.491016
5200.268555	-57.478336
5211.035156	-57.307373
5221.801758	-57.321636
5232.568359	-57.402233
5243.334961	-57.403477
5254.101562	-57.525917
5264.868164	-57.518795
5275.634766	-57.490322
5286.401367	-57.526749
5297.167969	-57.537060
5307.934570	-57.450405
5318.701172	-57.480236
5329.467773	-57.627903
5340.234375	-57.594177
5351.000977	-57.571682
5361.767578	-57.678402
5372.534180	-57.631950
5383.300781	-57.553402
5394.067383	-57.679268
5404.833984	-57.699875
5415.600586	-57.598740
5426.367188	-57.564194
5437.133789	-57.621395
5447.900391	-57.604397
5458.666992	-57.532509
5469.433594	-57.590092
5480.200195	-57.788223
5490.966797	-57.773983
5501.733398	-57.750050
5512.500000	-57.877338
5523.266602	-57.657234
5534.033203	-57.700768
5544.799805	-57.677517
5555.566406	-57.740898
5566.333008	-57.807610
5577.099609	-57.719528
5587.866211	-57.856750
5598.632812	-57.847679
5609.399414	-57.787609
5620.166016	-57.750519
5630.932617	-57.848240
5641.699219	-57.842613
5652.465820	-57.795223
5663.232422	-57.948967
5673.999023	-57.861782
5684.765625	-57.815140
5695.532227	-57.911205
5706.298828	-57.924644
5717.065430	-57.998276
5727.832031	-57.954662
5738.598633	-58.072155
5749.365234	-57.927132
5760.131836	-57.832119
5770.898438	-57.881557
5781.665039	-58.003693
5792.431641	-57.977444
5803.198242	-57.962822
5813.964844	-57.952667
5824.731445	-57.989193
5835.498047	-57.896042
5846.264648	-57.993008
5857.031250	-58.130985
5867.797852	-58.015533
5878.564453	-58.102451
5889.331055	-57.953514
5900.097656	-57.986141
5910.864258	-58.094288
5921.630859	-58.040867
5932.397461	-57.995338
5943.164062	-57.990139
5953.930664	-57.965775
5964.697266	-57.827869
5975.463867	-58.007549
5986.230469	-58.110432
5996.997070	-58.147217
6007.763672	-58.008755
6018.530273	-58.073689
6029.296875	-58.117241
6040.063477	-58.123386
6050.830078	-58.129997
6061.596680	-58.203091
6072.363281	-58.168228
6083.129883	-58.171967
6093.896484	-58.147202
6104.663086	-58.263729
6115.429688	-58.256920
6126.196289	-58.188683
6136.962891	-58.183052
6147.729492	-58.323654
6158.496094	-58.326817
6169.262695	-58.348804
6180.029297	-58.306095
6190.795898	-58.400112
6201.562500	-58.288986
6212.329102	-58.350094
6223.095703	-58.305527
6233.862305	-58.394543
6244.628906	-58.391052
6255.395508	-58.407822
6266.162109	-58.350498
6276.928711	-58.413254
6287.695312	-58.325077
6298.461914	-58.435600
6309.228516	-58.466137
6319.995117	-58.546364
6330.761719	-58.449001
6341.528320	-58.328556
6352.294922	-58.356384
6363.061523	-58.457108
6373.828125	-58.571964
6384.594727	-58.639297
6395.361328	-58.520809
6406.127930	-58.504234
6416.894531	-58.476162
6427.661133	-58.487225
6438.427734	-58.568336
6449.194336	-58.414112
6459.960938	-58.329483
6470.727539	-58.459896
6481.494141	-58.534859
6492.260742	-58.595005
6503.027344	-58.610970
6513.793945	-58.493408
6524.560547	-58.472050
6535.327148	-58.470261
6546.093750	-58.531818
6556.860352	-58.775196
6567.626953	-58.780727
6578.393555	-58.634418
6589.160156	-58.627609
6599.926758	-58.679802
6610.693359	-58.694435
6621.459961	-58.584766
6632.226562	-58.586422
6642.993164	-58.513905
6653.759766	-58.649483
6664.526367	-58.714970
6675.292969	-58.694012
6686.059570	-58.850159
6696.826172	-58.679314
6707.592773	-58.586277
6718.359375	-58.639420
6729.125977	-58.634480
6739.892578	-58.697330
6750.659180	-58.679916
6761.425781	-58.707722
6772.192383	-58.866905
6782.958984	-58.827969
6793.725586	-58.853241
6804.492188	-58.823772
6815.258789	-58.746769
6826.025391	-58.702721
6836.791992	-58.822529
6847.558594	-58.831520
6858.325195	-58.704582
6869.091797	-58.706108
6879.858398	-58.756844
6890.625000	-58.783169
6901.391602	-58.886833
6912.158203	-58.933636
6922.924805	-58.866028
6933.691406	-58.762348
6944.458008	-58.683472
6955.224609	-58.696301
6965.991211	-58.835270
6976.757812	-58.868073
6987.524414	-59.015137
6998.291016	-58.929058
7009.057617	-58.864101
7019.824219	-58.742622
7030.590820	-58.840851
7041.357422	-58.994629
7052.124023	-59.099438
7062.890625	-58.930435
7073.657227	-58.857201
7084.423828	-58.791164
7095.190430	-58.987171
7105.957031	-58.925049
7116.723633	-58.842552
7127.490234	-58.903927
7138.256836	-58.932072
7149.023438	-59.085060
7159.790039	-59.100243
7170.556641	-58.964710
7181.323242	-59.013519
7192.089844	-58.996902
7202.856445	-59.035645
7213.623047	-59.026936
7224.389648	-59.098106
7235.156250	-59.166317
7245.922852	-59.095016
7256.689453	-59.064377
7267.456055	-59.014568
7278.222656	-59.082779
7288.989258	-59.034798
7299.755859	-58.999775
7310.522461	-59.094524
7321.289062	-59.101440
7332.055664	-59.064564
7342.822266	-59.153767
7353.588867	-59.142899
7364.355469	-59.126324
7375.122070	-59.117176
7385.888672	-59.180229
7396.655273	-59.191975
7407.421875	-59.157360
7418.188477	-59.068897
7428.955078	-59.016525
7439.721680	-59.145702
7450.488281	-59.217281
7461.254883	-59.265114
7472.021484	-59.239918
7482.788086	-59.257607
7493.554688	-59.271793
7504.321289	-59.265930
7515.087891	-59.339058
7525.854492	-59.280640
7536.621094	-59.395638
7547.387695	-59.280430
7558.154297	-59.339298
7568.920898	-59.282188
7579.687500	-59.344082
7590.454102	-59.202610
7601.220703	-59.116920
7611.987305	-59.147003
7622.753906	-59.369720
7633.520508	-59.344112
7644.287109	-59.292645
7655.053711	-59.257557
7665.820312	-59.258743
7676.586914	-59.318661
7687.353516	-59.439171
7698.120117	-59.370747
7708.886719	-59.419136
7719.653320	-59.445942
7730.419922	-59.403774
7741.186523	-59.484558
7751.953125	-59.472733
7762.719727	-59.417721
7773.486328	-59.289776
7784.252930	-59.368912
7795.019531	-59.320236
7805.786133	-59.412830
7816.552734	-59.354065
7827.319336	-59.414936
7838.085938	-59.566856
7848.852539	-59.546043
7859.619141	-59.478836
7870.385742	-59.506405
7881.152344	-59.369846
7891.918945	-59.353802
7902.685547	-59.603340
7913.452148	-59.627083
7924.218750	-59.547852
7934.985352	-59.321873
7945.751953	-59.495716
7956.518555	-59.605194
7967.285156	-59.543392
7978.051758	-59.668083
7988.818359	-59.607853
7999.584961	-59.595779
8010.351562	-59.600735
8021.118164	-59.593452
8031.884766	-59.426071
8042.651367	-59.477783
8053.417969	-59.544769
8064.184570	-59.484501
8074.951172	-59.492840
8085.717773	-59.403259
8096.484375	-59.652943
8107.250977	-59.516544
8118.017578	-59.494576
8128.784180	-59.469910
8139.550781	-59.527786
8150.317383	-59.537495
8161.083984	-59.597809
8171.850586	-59.602699
8182.617188	-59.731663
8193.383789	-59.763496
8204.150391	-59.761879
8214.916992	-59.728874
8225.683594	-59.660862
8236.450195	-59.636879
8247.216797	-59.802849
8257.983398	-59.780079
8268.750000	-59.709713
8279.516602	-59.705803
8290.283203	-59.725880
8301.049805	-59.656055
8311.816406	-59.703865
8322.583008	-59.645626
8333.349609	-59.592068
8344.116211	-59.764839
8354.882812	-59.776432
8365.649414	-59.766415
8376.416016	-59.864059
8387.182617	-59.842781
8397.949219	-59.808067
8408.715820	-59.901253
8419.482422	-59.913265
8430.249023	-59.780411
8441.015625	-59.867512
8451.782227	-59.749584
8462.548828	-59.757744
8473.315430	-59.928196
8484.082031	-59.952591
8494.848633	-59.849339
8505.615234	-59.979404
8516.381836	-59.997761
8527.148438	-59.989834
8537.915039	-59.834156
8548.681641	-59.814507
8559.448242	-59.789600
8570.214844	-59.845398
8580.981445	-59.846752
8591.748047	-59.899715
8602.514648	-59.828262
8613.281250	-59.766079
8624.047852	-59.830467
8634.814453	-59.802139
8645.581055	-59.857769
8656.347656	-59.869247
8667.114258	-59.792202
8677.880859	-59.908379
8688.647461	-60.070427
8699.414062	-60.003338
8710.180664	-59.984627
8720.947266	-60.005150
8731.713867	-60.038017
8742.480469	-59.969654
8753.247070	-60.011387
8764.013672	-60.092724
8774.780273	-60.038006
8785.546875	-59.955986
8796.313477	-60.021542
8807.080078	-59.809097
8817.846680	-59.812660
8828.613281	-60.006878
8839.379883	-60.037025
8850.146484	-60.005459
8860.913086	-60.096344
8871.679688	-60.033234
8882.446289	-59.935638
8893.212891	-59.918350
8903.979492	-59.982220
8914.746094	-59.867477
8925.512695	-59.964687
8936.279297	-60.052681
8947.045898	-60.107533
8957.812500	-59.970394
8968.579102	-60.164104
8979.345703	-60.156944
8990.112305	-60.202591
9000.878906	-60.170242
9011.645508	-60.200775
9022.412109	-60.241291
9033.178711	-60.238007
9043.945312	-60.239857
9054.711914	-60.406403
9065.478516	-60.163147
9076.245117	-60.035034
9087.011719	-60.188667
9097.778320	-60.282539
9108.544922	-60.179119
9119.311523	-60.130405
9130.078125	-60.174583
9140.844727	-60.148029
9151.611328	-60.280350
9162.377930	-60.295845
9173.144531	-60.173477
9183.911133	-60.214634
9194.677734	-60.244671
9205.444336	-60.065353
9216.210938	-60.067394
9226.977539	-60.178623
9237.744141	-60.190830
9248.510742	-60.224361
9259.277344	-60.422382
9270.043945	-60.315868
9280.810547	-60.212902
9291.577148	-60.164154
9302.343750	-60.204395
9313.110352	-60.268642
9323.876953	-60.311798
9334.643555	-60.308754
9345.410156	-60.251614
9356.176758	-60.279766
9366.943359	-60.328827
9377.709961	-60.285229
9388.476562	-60.231472
9399.243164	-60.166172
9410.009766	-60.194565
9420.776367	-60.087425
9431.542969	-60.282265
9442.309570	-60.323318
9453.076172	-60.291920
9463.842773	-60.400776
9474.609375	-60.286526
9485.375977	-60.368050
9496.142578	-60.364254
9506.909180	-60.279163
9517.675781	-60.347275
9528.442383	-60.351990
9539.208984	-60.320778
9549.975586	-60.272514
9560.742188	-60.383732
9571.508789	-60.326088
9582.275391	-60.286407
9593.041992	-60.366081
9603.808594	-60.444435
9614.575195	-60.422176
9625.341797	-60.525524
9636.108398	-60.570080
9646.875000	-60.465332
9657.641602	-60.645306
9668.408203	-60.663815
9679.174805	-60.432873
9689.941406	-60.376415
9700.708008	-60.471718
9711.474609	-60.390362
9722.241211	-60.519924
9733.007812	-60.659996
9743.774414	-60.546856
9754.541016	-60.427029
9765.307617	-60.456600
9776.074219	-60.312309
9786.840820	-60.377972
9797.607422	-60.470783
9808.374023	-60.403458
9819.140625	-60.298004
9829.907227	-60.383606
9840.673828	-60.591278
9851.440430	-60.505852
9862.207031	-60.294521
9872.973633	-60.375080
9883.740234	-60.523396
9894.506836	-60.656799
9905.273438	-60.552689
9916.040039	-60.570225
9926.806641	-60.563557
9937.573242	-60.597576
9948.339844	-60.758144
9959.106445	-60.741505
9969.873047	-60.673515
9980.639648	-60.647717
9991.406250	-60.690769
10002.172852	-60.581459
10012.939453	-60.550293
10023.706055	-60.460983
10034.472656	-60.527611
10045.239258	-60.610874
10056.005859	-60.628704
10066.772461	-60.676929
10077.539062	-60.595165
10088.305664	-60.699005
10099.072266	-60.754303
10109.838867	-60.794476
10120.605469	-60.794342
10131.372070	-60.780899
10142.138672	-60.803471
10152.905273	-60.747334
10163.671875	-60.836887
10174.438477	-60.866741
10185.205078	-60.831173
10195.971680	-60.728886
10206.738281	-60.721550
10217.504883	-60.863068
10228.271484	-60.755367
10239.038086	-60.664467
10249.804688	-60.656670
10260.571289	-60.712452
10271.337891	-60.681984
10282.104492	-60.772285
10292.871094	-60.732304
10303.637695	-60.881302
10314.404297	-60.955067
10325.170898	-60.734730
10335.937500	-60.608303
10346.704102	-60.584702
10357.470703	-60.719742
10368.237305	-60.745232
10379.003906	-60.689228
10389.770508	-60.827305
10400.537109	-60.689095
10411.303711	-60.707130
10422.070312	-60.780460
10432.836914	-60.795971
10443.603516	-60.839756
10454.370117	-60.843704
10465.136719	-60.965149
10475.903320	-60.949379
10486.669922	-60.830338
10497.436523	-60.701054
10508.203125	-60.850452
10518.969727	-60.987274
10529.736328	-60.892429
10540.502930	-60.843037
10551.269531	-61.036079
10562.036133	-60.899578
10572.802734	-60.802113
10583.569336	-60.729565
10594.335938	-60.808422
10605.102539	-60.933331
10615.869141	-60.935638
10626.635742	-60.868019
10637.402344	-60.832718
10648.168945	-60.721802
10658.935547	-60.782948
10669.702148	-60.753864
10680.468750	-60.789833
10691.235352	-60.972179
10702.001953	-61.092796
10712.768555	-61.014439
10723.535156	-60.996159
10734.301758	-61.018555
10745.068359	-61.071487
10755.834961	-61.000835
10766.601562	-60.958576
10777.368164	-60.810642
10788.134766	-60.841759
10798.901367	-61.053360
10809.667969	-61.008595
10820.434570	-61.114269
10831.201172	-61.069511
10841.967773	-60.993889
10852.734375	-61.062847
10863.500977	-60.990620
10874.267578	-60.942318
10885.034180	-60.987820
10895.800781	-61.085228
10906.567383	-60.921253
10917.333984	-60.960285
10928.100586	-61.007351
10938.867188	-61.073639
10949.633789	-61.163441
10960.400391	-61.098537
10971.166992	-61.076225
10981.933594	-61.026920
10992.700195	-61.082981
11003.466797	-61.071499
11014.233398	-61.093338
11025.000000	-61.126919
11035.766602	-61.037727
11046.533203	-61.166515
11057.299805	-61.147503
11068.066406	-61.016972
11078.833008	-60.975166
11089.599609	-60.984955
11100.366211	-61.113098
11111.132812	-61.163174
11121.899414	-61.157471
11132.666016	-61.121090
11143.432617	-61.086464
11154.199219	-61.082558
11164.965820	-61.200851
11175.732422	-61.282639
11186.499023	-61.259335
11197.265625	-61.274124
11208.032227	-61.324368
11218.798828	-61.240551
11229.565430	-61.064342
11240.332031	-61.061333
11251.098633	-61.152893
11261.865234	-61.184681
11272.631836	-61.117558
11283.398438	-61.125191
11294.165039	-61.129223
11304.931641	-61.181713
11315.698242	-61.173077
11326.464844	-61.105175
11337.231445	-61.210915
11347.998047	-61.360325
11358.764648	-61.233166
11369.531250	-61.159550
11380.297852	-61.156097
11391.064453	-61.346310
11401.831055	-61.281300
11412.597656	-61.181198
11423.364258	-61.210079
11434.130859	-61.182201
11444.897461	-61.256657
11455.664062	-61.363510
11466.430664	-61.250599
11477.197266	-61.127026
11487.963867	-61.185783
11498.730469	-61.290936
11509.497070	-61.293003
11520.263672	-61.394405
11531.030273	-61.339546
11541.796875	-61.336277
11552.563477	-61.387497
11563.330078	-61.270168
11574.096680	-61.250786
11584.863281	-61.218132
11595.629883	-61.304195
11606.396484	-61.379124
11617.163086	-61.351681
11627.929688	-61.464237
11638.696289	-61.489185
11649.462891	-61.246017
11660.229492	-61.235294
11670.996094	-61.456932
11681.762695	-61.400066
11692.529297	-61.258755
11703.295898	-61.264862
11714.062500	-61.241699
11724.829102	-61.298267
11735.595703	-61.254196
11746.362305	-61.309601
11757.128906	-61.339622
11767.895508	-61.294178
11778.662109	-61.272743
11789.428711	-61.371254
11800.195312	-61.423382
11810.961914	-61.230461
11821.728516	-61.356815
11832.495117	-61.414864
11843.261719	-61.398617
11854.028320	-61.342613
11864.794922	-61.409256
11875.561523	-61.479786
11886.328125	-61.366169
11897.094727	-61.335232
11907.861328	-61.381279
11918.627930	-61.460304
11929.394531	-61.452446
11940.161133	-61.308125
11950.927734	-61.280830
11961.694336	-61.375568
11972.460938	-61.424259
11983.227539	-61.500988
11993.994141	-61.496788
12004.760742	-61.462814
12015.527344	-61.510162
12026.293945	-61.323761
12037.060547	-61.474751
12047.827148	-61.404751
12058.593750	-61.377415
12069.360352	-61.429691
12080.126953	-61.417965
12090.893555	-61.560680
12101.660156	-61.699406
12112.426758	-61.545334
12123.193359	-61.484089
12133.959961	-61.540619
12144.726562	-61.741673
12155.493164	-61.680855
12166.259766	-61.643353
12177.026367	-61.625057
12187.792969	-61.499165
12198.559570	-61.391617
12209.326172	-61.577229
12220.092773	-61.505539
12230.859375	-61.434967
12241.625977	-61.586773
12252.392578	-61.436172
12263.159180	-61.543453
12273.925781	-61.792301
12284.692383	-61.687859
12295.458984	-61.438457
12306.225586	-61.498562
12316.992188	-61.391987
12327.758789	-61.477303
12338.525391	-61.593502
12349.291992	-61.620258
12360.058594	-61.578762
12370.825195	-61.567150
12381.591797	-61.719509
12392.358398	-61.574203
12403.125000	-61.549313
12413.891602	-61.625027
12424.658203	-61.664265
12435.424805	-61.597126
12446.191406	-61.510891
12456.958008	-61.399551
12467.724609	-61.486118
12478.491211	-61.548195
12489.257812	-61.698864
12500.024414	-61.779350
12510.791016	-61.758381
12521.557617	-61.623737
12532.324219	-61.581497
12543.090820	-61.871761
12553.857422	-61.856976
12564.624023	-61.809933
12575.390625	-61.679752
12586.157227	-61.638111
12596.923828	-61.686745
12607.690430	-61.643921
12618.457031	-61.605236
12629.223633	-61.726891
12639.990234	-61.816395
12650.756836	-61.801590
12661.523438	-61.799629
12672.290039	-61.726231
12683.056641	-61.782730
12693.823242	-61.804699
12704.589844	-61.711666
12715.356445	-61.755775
12726.123047	-61.709072
12736.889648	-61.734196
12747.656250	-61.764763
12758.422852	-61.667683
12769.189453	-61.758476
12779.956055	-61.744522
12790.722656	-61.833263
12801.489258	-61.999271
12812.255859	-61.822422
12823.022461	-61.793652
12833.789062	-61.821484
12844.555664	-61.891285
12855.322266	-61.891506
12866.088867	-61.748623
12876.855469	-61.841949
12887.622070	-61.941101
12898.388672	-61.767635
12909.155273	-61.589287
12919.921875	-61.690285
12930.688477	-61.845509
12941.455078	-61.923615
12952.221680	-61.880520
12962.988281	-61.808254
12973.754883	-61.815769
12984.521484	-61.794476
12995.288086	-61.868507
13006.054688	-61.831482
13016.821289	-61.706295
13027.587891	-61.716297
13038.354492	-61.864338
13049.121094	-62.029110
13059.887695	-61.883183
13070.654297	-61.771786
13081.420898	-61.836433
13092.187500	-61.898861
13102.954102	-61.844994
13113.720703	-61.838684
13124.487305	-61.951134
13135.253906	-61.861954
13146.020508	-61.958759
13156.787109	-61.948524
13167.553711	-62.024990
13178.320312	-61.941212
13189.086914	-61.946232
13199.853516	-61.932964
13210.620117	-61.931225
13221.386719	-61.980598
13232.153320	-61.875530
13242.919922	-61.941608
13253.686523	-62.043377
13264.453125	-62.078438
13275.219727	-62.092976
13285.986328	-62.048359
13296.752930	-62.056129
13307.519531	-62.149872
13318.286133	-62.094894
13329.052734	-62.080704
13339.819336	-61.994171
13350.585938	-61.978390
13361.352539	-62.133884
13372.119141	-61.947781
13382.885742	-61.857597
13393.652344	-61.929859
13404.418945	-61.874798
13415.185547	-61.827194
13425.952148	-61.839725
13436.718750	-61.943352
13447.485352	-61.996326
13458.251953	-61.960808
13469.018555	-61.948143
13479.785156	-62.105946
13490.551758	-62.144157
13501.318359	-62.048958
13512.084961	-61.999996
13522.851562	-62.076637
13533.618164	-62.029697
13544.384766	-61.982540
13555.151367	-61.999725
13565.917969	-61.987911
13576.684570	-62.078442
13587.451172	-61.984501
13598.217773	-62.030304
13608.984375	-62.002422
13619.750977	-62.042011
13630.517578	-62.146004
13641.284180	-62.083534
13652.050781	-62.126331
13662.817383	-62.137222
13673.583984	-62.085518
13684.350586	-62.099457
13695.117188	-62.009827
13705.883789	-61.983047
13716.650391	-62.011063
13727.416992	-62.060898
13738.183594	-62.129925
13748.950195	-62.182545
13759.716797	-62.226517
13770.483398	-62.183865
13781.250000	-62.111809
13792.016602	-62.165005
13802.783203	-62.269539
13813.549805	-62.265305
13824.316406	-62.042843
13835.083008	-61.985722
13845.849609	-62.060448
13856.616211	-62.099281
13867.382812	-62.205738
13878.149414	-62.260086
13888.916016	-62.246681
13899.682617	-62.276592
13910.449219	-62.206024
13921.215820	-62.072834
13931.982422	-62.128456
13942.749023	-62.241360
13953.515625	-62.253284
13964.282227	-62.329235
13975.048828	-62.407864
13985.815430	-62.416866
13996.582031	-62.428318
14007.348633	-62.206470
14018.115234	-62.166428
14028.881836	-62.295338
14039.648438	-62.378357
14050.415039	-62.194809
14061.181641	-62.137630
14071.948242	-62.373665
14082.714844	-62.372448
14093.481445	-62.303455
14104.248047	-62.343212
14115.014648	-62.180656
14125.781250	-62.192310
14136.547852	-62.216640
14147.314453	-62.138126
14158.081055	-62.176311
14168.847656	-62.320889
14179.614258	-62.278896
14190.380859	-62.353531
14201.147461	-62.405624
14211.914062	-62.285343
14222.680664	-62.399189
14233.447266	-62.432850
14244.213867	-62.336555
14254.980469	-62.326157
14265.747070	-62.323112
14276.513672	-62.341103
14287.280273	-62.323990
14298.046875	-62.467369
14308.813477	-62.435474
14319.580078	-62.342522
14330.346680	-62.279610
14341.113281	-62.221409
14351.879883	-62.225208
14362.646484	-62.256321
14373.413086	-62.277386
14384.179688	-62.350361
14394.946289	-62.297821
14405.712891	-62.291176
14416.479492	-62.357498
14427.246094	-62.390953
14438.012695	-62.405956
14448.779297	-62.339005
14459.545898	-62.413914
14470.312500	-62.415329
14481.079102	-62.492893
14491.845703	-62.462982
14502.612305	-62.468037
14513.378906	-62.433086
14524.145508	-62.432316
14534.912109	-62.335499
14545.678711	-62.356575
14556.445312	-62.516315
14567.211914	-62.534927
14577.978516	-62.518906
14588.745117	-62.417278
14599.511719	-62.366543
14610.278320	-62.396469
14621.044922	-62.380566
14631.811523	-62.348694
14642.578125	-62.392231
14653.344727	-62.463322
14664.111328	-62.485596
14674.877930	-62.429127
14685.644531	-62.222511
14696.411133	-62.354328
14707.177734	-62.440510
14717.944336	-62.512642
14728.710938	-62.394981
14739.477539	-62.436813
14750.244141	-62.379543
14761.010742	-62.260262
14771.777344	-62.391502
14782.543945	-62.456642
14793.310547	-62.369995
14804.077148	-62.369606
14814.843750	-62.464100
14825.610352	-62.325031
14836.376953	-62.317730
14847.143555	-62.434326
14857.910156	-62.443886
14868.676758	-62.651455
14879.443359	-62.600658
14890.209961	-62.505161
14900.976562	-62.523712
14911.743164	-62.490002
14922.509766	-62.554703
14933.276367	-62.542923
14944.042969	-62.551815
14954.809570	-62.572517
14965.576172	-62.618107
14976.342773	-62.432274
14987.109375	-62.564358
14997.875977	-62.542908
15008.642578	-62.478073
15019.409180	-62.427010
15030.175781	-62.392788
15040.942383	-62.537914
15051.708984	-62.566238
15062.475586	-62.538380
15073.242188	-62.530006
15084.008789	-62.598495
15094.775391	-62.629745
15105.541992	-62.570145
15116.308594	-62.641060
15127.075195	-62.663841
15137.841797	-62.520241
15148.608398	-62.385925
15159.375000	-62.394386
15170.141602	-62.539516
15180.908203	-62.573677
15191.674805	-62.608170
15202.441406	-62.525890
15213.208008	-62.556110
15223.974609	-62.533775
15234.741211	-62.537838
15245.507812	-62.516560
15256.274414	-62.561878
15267.041016	-62.603756
15277.807617	-62.603676
15288.574219	-62.686340
15299.340820	-62.658062
15310.107422	-62.564823
15320.874023	-62.693161
15331.640625	-62.710213
15342.407227	-62.648277
15353.173828	-62.601852
15363.940430	-62.740700
15374.707031	-62.758976
15385.473633	-62.764187
15396.240234	-62.664474
15407.006836	-62.695221
15417.773438	-62.660877
15428.540039	-62.610252
15439.306641	-62.696823
15450.073242	-62.769562
15460.839844	-62.727329
15471.606445	-62.753136
15482.373047	-62.684792
15493.139648	-62.633751
15503.906250	-62.624260
15514.672852	-62.666744
15525.439453	-62.641182
15536.206055	-62.661648
15546.972656	-62.784809
15557.739258	-62.728962
15568.505859	-62.762394
15579.272461	-62.794487
15590.039062	-62.658920
15600.805664	-62.697300
15611.572266	-62.801830
15622.338867	-62.675529
15633.105469	-62.645458
15643.872070	-62.793972
15654.638672	-62.684093
15665.405273	-62.542820
15676.171875	-62.696434
15686.938477	-62.751976
15697.705078	-62.755764
15708.471680	-62.771362
15719.238281	-62.872025
15730.004883	-62.901211
15740.771484	-62.841824
15751.538086	-62.853188
15762.304688	-62.842239
15773.071289	-62.710846
15783.837891	-62.784447
15794.604492	-62.902405
15805.371094	-62.961842
15816.137695	-62.859585
15826.904297	-62.763859
15837.670898	-62.801960
15848.437500	-62.866478
15859.204102	-62.934227
15869.970703	-62.924282
15880.737305	-62.772293
15891.503906	-62.902565
15902.270508	-62.867020
15913.037109	-62.832603
15923.803711	-62.768005
15934.570312	-62.854275
15945.336914	-62.788502
15956.103516	-62.842415
15966.870117	-62.869995
15977.636719	-62.873924
15988.403320	-62.793716
15999.169922	-62.902534
16009.936523	-62.880177
16020.703125	-62.853924
16031.469727	-62.920094
16042.236328	-62.898548
16053.002930	-62.999775
16063.769531	-62.971779
16074.536133	-62.959541
16085.302734	-63.011532
16096.069336	-63.066204
16106.835938	-62.991985
16117.602539	-63.060989
16128.369141	-62.986816
16139.135742	-63.016216
16149.902344	-62.762020
16160.668945	-62.921844
16171.435547	-63.089676
16182.202148	-62.953491
16192.968750	-62.856594
16203.735352	-62.887470
16214.501953	-62.909508
16225.268555	-62.941795
16236.035156	-62.847485
16246.801758	-62.977089
16257.568359	-62.893414
16268.334961	-62.896305
16279.101562	-62.958000
16289.868164	-63.037365
16300.634766	-62.934578
16311.401367	-62.856625
16322.167969	-62.921974
16332.934570	-63.044487
16343.701172	-62.981770
16354.467773	-62.928120
16365.234375	-62.992023
16376.000977	-63.007126
16386.767578	-62.846920
16397.534180	-62.929138
16408.300781	-63.060040
16419.067383	-62.971588
16429.833984	-62.877174
16440.600586	-62.913311
16451.367188	-62.915363
16462.133789	-62.979813
16472.900391	-62.950611
16483.666992	-62.933392
16494.433594	-62.838390
16505.200195	-62.927727
16515.966797	-63.043213
16526.733398	-63.068592
16537.500000	-63.066040
16548.266602	-62.899536
16559.033203	-63.022003
16569.799805	-63.033413
16580.566406	-63.008667
16591.333008	-62.958759
16602.099609	-62.971062
16612.866211	-62.962498
16623.632812	-62.963974
16634.399414	-62.975559
16645.166016	-63.085285
16655.932617	-63.138515
16666.699219	-62.949055
16677.465820	-63.123764
16688.232422	-63.088680
16698.999023	-63.028175
16709.765625	-63.060024
16720.532227	-63.183292
16731.298828	-63.190247
16742.065430	-63.079983
16752.832031	-63.145836
16763.598633	-63.080688
16774.365234	-63.087444
16785.131836	-63.076656
16795.898438	-63.102913
16806.665039	-63.184967
16817.431641	-63.116016
16828.198242	-63.166855
16838.964844	-63.457005
16849.731445	-63.197060
16860.498047	-62.949532
16871.264648	-63.110882
16882.031250	-63.243847
16892.797852	-63.239594
16903.564453	-63.214809
16914.331055	-63.244930
16925.097656	-63.111748
16935.864258	-63.104580
16946.630859	-63.068867
16957.397461	-63.046131
16968.164062	-62.984375
16978.930664	-63.099594
16989.697266	-63.207478
17000.463867	-63.196949
17011.230469	-63.182587
17021.997070	-63.079666
17032.763672	-62.974857
17043.530273	-63.179756
17054.296875	-63.255276
17065.063477	-63.239868
17075.830078	-63.283894
17086.596680	-63.310608
17097.363281	-63.191864
17108.129883	-63.275810
17118.896484	-63.106800
17129.663086	-62.992996
17140.429688	-63.161098
17151.196289	-63.216133
17161.962891	-63.198639
17172.729492	-63.168072
17183.496094	-63.245434
17194.262695	-63.374660
17205.029297	-63.323360
17215.795898	-63.292965
17226.562500	-63.210209
17237.329102	-63.202713
17248.095703	-63.209053
17258.862305	-63.353985
17269.628906	-63.331009
17280.395508	-63.198460
17291.162109	-63.305740
17301.928711	-63.332573
17312.695312	-63.253555
17323.461914	-63.189083
17334.228516	-63.331612
17344.995117	-63.289066
17355.761719	-63.300842
17366.528320	-63.305592
17377.294922	-63.185585
17388.061523	-62.988110
17398.828125	-63.182957
17409.594727	-63.218994
17420.361328	-63.081184
17431.127930	-63.130024
17441.894531	-63.221954
17452.661133	-63.257545
17463.427734	-63.168789
17474.194336	-63.277424
17484.960938	-63.359104
17495.727539	-63.376698
17506.494141	-63.391598
17517.260742	-63.251198
17528.027344	-63.222267
17538.793945	-63.191868
17549.560547	-63.273323
17560.327148	-63.310371
17571.093750	-63.280792
17581.860352	-63.490643
17592.626953	-63.334953
17603.393555	-63.248158
17614.160156	-63.226772
17624.926758	-63.352051
17635.693359	-63.363758
17646.459961	-63.264992
17657.226562	-63.352829
17667.993164	-63.369759
17678.759766	-63.365650
17689.526367	-63.349258
17700.292969	-63.425255
17711.059570	-63.342918
17721.826172	-63.316887
17732.592773	-63.412849
17743.359375	-63.455502
17754.125977	-63.361599
17764.892578	-63.376766
17775.659180	-63.466209
17786.425781	-63.401772
17797.192383	-63.308094
17807.958984	-63.481308
17818.725586	-63.511402
17829.492188	-63.465557
17840.258789	-63.386932
17851.025391	-63.489460
17861.791992	-63.531078
17872.558594	-63.445694
17883.325195	-63.373810
17894.091797	-63.265396
17904.858398	-63.452984
17915.625000	-63.495213
17926.391602	-63.413227
17937.158203	-63.321453
17947.924805	-63.422878
17958.691406	-63.498203
17969.458008	-63.475361
17980.224609	-63.665478
17990.991211	-63.481030
18001.757812	-63.430489
18012.524414	-63.429543
18023.291016	-63.557850
18034.057617	-63.650402
18044.824219	-63.422058
18055.590820	-63.425983
18066.357422	-63.382610
18077.124023	-63.459923
18087.890625	-63.535976
18098.657227	-63.498802
18109.423828	-63.446156
18120.190430	-63.335018
18130.957031	-63.331474
18141.723633	-63.656075
18152.490234	-63.639797
18163.256836	-63.326378
18174.023438	-63.386456
18184.790039	-63.696484
18195.556641	-63.720364
18206.323242	-63.632805
18217.089844	-63.583488
18227.856445	-63.356731
18238.623047	-63.465099
18249.389648	-63.540791
18260.156250	-63.535904
18270.922852	-63.528439
18281.689453	-63.657413
18292.456055	-63.627422
18303.222656	-63.629978
18313.989258	-63.541008
18324.755859	-63.559380
18335.522461	-63.693920
18346.289062	-63.661572
18357.055664	-63.691338
18367.822266	-63.708618
18378.588867	-63.563831
18389.355469	-63.489105
18400.122070	-63.702137
18410.888672	-63.510033
18421.655273	-63.553249
18432.421875	-63.471088
18443.188477	-63.492279
18453.955078	-63.616062
18464.721680	-63.530102
18475.488281	-63.571239
18486.254883	-63.487728
18497.021484	-63.628208
18507.788086	-63.590260
18518.554688	-63.628090
18529.321289	-63.567417
18540.087891	-63.753014
18550.854492	-63.676800
18561.621094	-63.615437
18572.387695	-63.485481
18583.154297	-63.630844
18593.920898	-63.633167
18604.687500	-63.691963
18615.454102	-63.820522
18626.220703	-63.723942
18636.987305	-63.481174
18647.753906	-63.551327
18658.520508	-63.651714
18669.287109	-63.681988
18680.053711	-63.758213
18690.820312	-63.737911
18701.586914	-63.598366
18712.353516	-63.649426
18723.120117	-63.729790
18733.886719	-63.794731
18744.653320	-63.670033
18755.419922	-63.706455
18766.186523	-63.737446
18776.953125	-63.833408
18787.719727	-63.914581
18798.486328	-63.814938
18809.252930	-63.819134
18820.019531	-63.717834
18830.786133	-63.662479
18841.552734	-63.844250
18852.319336	-63.797497
18863.085938	-63.748024
18873.852539	-63.800564
18884.619141	-63.748089
18895.385742	-63.720722
18906.152344	-63.672245
18916.918945	-63.807236
18927.685547	-63.825092
18938.452148	-63.850780
18949.218750	-63.668915
18959.985352	-63.603252
18970.751953	-63.741684
18981.518555	-63.767105
18992.285156	-63.950565
19003.051758	-63.918438
19013.818359	-63.895073
19024.584961	-63.867466
19035.351562	-63.827877
19046.118164	-63.812618
19056.884766	-63.748589
19067.651367	-63.819595
19078.417969	-63.744797
19089.184570	-63.930653
19099.951172	-64.068787
19110.717773	-64.005745
19121.484375	-64.022858
19132.250977	-64.060257
19143.017578	-64.124176
19153.784180	-64.044334
19164.550781	-63.870945
19175.317383	-63.876099
19186.083984	-64.046265
19196.850586	-63.999718
19207.617188	-64.051994
19218.383789	-64.060287
19229.150391	-64.115288
19239.916992	-64.013435
19250.683594	-63.958950
19261.450195	-64.113045
19272.216797	-64.180031
19282.983398	-64.058586
19293.750000	-64.049400
19304.516602	-64.017502
19315.283203	-64.108162
19326.049805	-64.044312
19336.816406	-63.993500
19347.583008	-64.014267
19358.349609	-64.064133
19369.116211	-64.184723
19379.882812	-64.296890
19390.649414	-64.192558
19401.416016	-64.179405
19412.182617	-64.234505
19422.949219	-64.241486
19433.715820	-64.205299
19444.482422	-64.303024
19455.249023	-64.401100
19466.015625	-64.298248
19476.782227	-64.195717
19487.548828	-64.328079
19498.315430	-64.146690
19509.082031	-64.164818
19519.848633	-64.227104
19530.615234	-64.206505
19541.381836	-64.268684
19552.148438	-64.205238
19562.915039	-64.094887
19573.681641	-64.320030
19584.448242	-64.416672
19595.214844	-64.346191
19605.981445	-64.106178
19616.748047	-64.136490
19627.514648	-64.418449
19638.281250	-64.442970
19649.047852	-64.349251
19659.814453	-64.426254
19670.581055	-64.528954
19681.347656	-64.492500
19692.114258	-64.443207
19702.880859	-64.475914
19713.647461	-64.523895
19724.414062	-64.496117
19735.180664	-64.401581
19745.947266	-64.412979
19756.713867	-64.462570
19767.480469	-64.459824
19778.247070	-64.576340
19789.013672	-64.577408
19799.780273	-64.505653
19810.546875	-64.514008
19821.313477	-64.508453
19832.080078	-64.620979
19842.846680	-64.595131
19853.613281	-64.538475
19864.379883	-64.610039
19875.146484	-64.756897
19885.913086	-64.724297
19896.679688	-64.615685
19907.446289	-64.643105
19918.212891	-64.611855
19928.979492	-64.525818
19939.746094	-64.582664
19950.512695	-64.764778
19961.279297	-64.913300
19972.045898	-64.827736
19982.812500	-64.757362
19993.579102	-64.757416
20004.345703	-64.685173
20015.112305	-64.702965
20025.878906	-64.731171
20036.645508	-64.801407
20047.412109	-64.890228
20058.178711	-65.012581
20068.945312	-64.954498
20079.711914	-64.890175
20090.478516	-64.808662
20101.245117	-64.766335
20112.011719	-64.855278
20122.778320	-64.944321
20133.544922	-64.908096
20144.311523	-64.875137
20155.078125	-64.907188
20165.844727	-65.018997
20176.611328	-64.969673
20187.377930	-64.937469
20198.144531	-64.945000
20208.911133	-64.965637
20219.677734	-65.019325
20230.444336	-65.061821
20241.210938	-65.001106
20251.977539	-64.924782
20262.744141	-65.135155
20273.510742	-65.094002
20284.277344	-65.074631
20295.043945	-65.204727
20305.810547	-65.161163
20316.577148	-65.199173
20327.343750	-65.301750
20338.110352	-65.361885
20348.876953	-65.251717
20359.643555	-65.342598
20370.410156	-65.263214
20381.176758	-65.188194
20391.943359	-65.241013
20402.709961	-65.374130
20413.476562	-65.335709
20424.243164	-65.338280
20435.009766	-65.430084
20445.776367	-65.392807
20456.542969	-65.397209
20467.309570	-65.534149
20478.076172	-65.522751
20488.842773	-65.610336
20499.609375	-65.407562
20510.375977	-65.369675
20521.142578	-65.509033
20531.909180	-65.594704
20542.675781	-65.490181
20553.442383	-65.560364
20564.208984	-65.608765
20574.975586	-65.666458
20585.742188	-65.733353
20596.508789	-65.740547
20607.275391	-65.659622
20618.041992	-65.599953
20628.808594	-65.739784
20639.575195	-65.754692
20650.341797	-65.646317
20661.108398	-65.719826
20671.875000	-65.803017
20682.641602	-65.718018
20693.408203	-65.762405
20704.174805	-65.812355
20714.941406	-65.866287
20725.708008	-65.795631
20736.474609	-65.873886
20747.241211	-65.935829
20758.007812	-66.019951
20768.774414	-65.963936
20779.541016	-65.920837
20790.307617	-66.000671
20801.074219	-66.025108
20811.840820	-66.040535
20822.607422	-66.259796
20833.374023	-66.111053
20844.140625	-66.022697
20854.907227	-66.162758
20865.673828	-66.232796
20876.440430	-66.093338
20887.207031	-66.070267
20897.973633	-66.233612
20908.740234	-66.272270
20919.506836	-66.267151
20930.273438	-66.352219
20941.040039	-66.473236
20951.806641	-66.432007
20962.573242	-66.359192
20973.339844	-66.365410
20984.106445	-66.319664
20994.873047	-66.388199
21005.639648	-66.507820
21016.406250	-66.511742
21027.172852	-66.488403
21037.939453	-66.597351
21048.706055	-66.555527
21059.472656	-66.576721
21070.239258	-66.581230
21081.005859	-66.606796
21091.772461	-66.425911
21102.539062	-66.375168
21113.305664	-66.527046
21124.072266	-66.701538
21134.838867	-66.722610
21145.605469	-66.797966
21156.372070	-66.633850
21167.138672	-66.516586
21177.905273	-66.599304
21188.671875	-66.774757
21199.438477	-66.852097
21210.205078	-66.790741
21220.971680	-66.882515
21231.738281	-66.874023
21242.504883	-66.814751
21253.271484	-66.861206
21264.038086	-66.922905
21274.804688	-66.898338
21285.571289	-66.815201
21296.337891	-66.835068
21307.104492	-66.925941
21317.871094	-67.016220
21328.637695	-67.067505
21339.404297	-67.098030
21350.170898	-67.061714
21360.937500	-67.056122
21371.704102	-67.054359
21382.470703	-67.008934
21393.237305	-67.126167
21404.003906	-67.220573
21414.770508	-67.098328
21425.537109	-67.108124
21436.303711	-67.108139
21447.070312	-67.119843
21457.836914	-67.289299
21468.603516	-67.305260
21479.370117	-67.287231
21490.136719	-67.231041
21500.903320	-67.451920
21511.669922	-67.347076
21522.436523	-67.280952
21533.203125	-67.385071
21543.969727	-67.376808
21554.736328	-67.320366
21565.502930	-67.234016
21576.269531	-67.301842
21587.036133	-67.315941
21597.802734	-67.366798
21608.569336	-67.395866
21619.335938	-67.388763
21630.102539	-67.523331
21640.869141	-67.578278
21651.635742	-67.572098
21662.402344	-67.604263
21673.168945	-67.436432
21683.935547	-67.337753
21694.702148	-67.375916
21705.468750	-67.445702
21716.235352	-67.449509
21727.001953	-67.370514
21737.768555	-67.448021
21748.535156	-67.536308
21759.301758	-67.465088
21770.068359	-67.435799
21780.834961	-67.480354
21791.601562	-67.606674
21802.368164	-67.687134
21813.134766	-67.522011
21823.901367	-67.596176
21834.667969	-67.653297
21845.434570	-67.620766
21856.201172	-67.708443
21866.967773	-67.721359
21877.734375	-67.585854
21888.500977	-67.638130
21899.267578	-67.666367
21910.034180	-67.763893
21920.800781	-67.746063
21931.567383	-67.660240
21942.333984	-67.547501
21953.100586	-67.601166
21963.867188	-67.523537
21974.633789	-67.531563
21985.400391	-67.721344
21996.166992	-67.912804
22006.933594	-67.803734
22017.700195	-67.651497
22028.466797	-67.787155
22039.233398	-67.590179
