Frequency (Hz)	Level (dB)
10.766602	-23.237123
21.533203	-27.880123
32.299805	-30.486273
43.066406	-32.003864
53.833008	-33.168922
64.599609	-34.169426
75.366211	-35.042633
86.132812	-35.737286
96.899414	-36.351700
107.666016	-36.819500
118.432617	-37.212643
129.199219	-37.582333
139.965820	-37.901958
150.732422	-38.297012
161.499023	-38.697922
172.265625	-39.020798
183.032227	-39.086098
193.798828	-39.331909
204.565430	-39.681393
215.332031	-39.905895
226.098633	-40.203472
236.865234	-40.420643
247.631836	-40.652985
258.398438	-41.005962
269.165039	-41.276100
279.931641	-41.605465
290.698242	-41.691525
301.464844	-41.740814
312.231445	-41.958900
322.998047	-42.237003
333.764648	-42.379032
344.531250	-42.323002
355.297852	-42.548225
366.064453	-42.696640
376.831055	-42.993504
387.597656	-43.014576
398.364258	-43.020027
409.130859	-43.210243
419.897461	-43.329056
430.664062	-43.482662
441.430664	-43.546261
452.197266	-43.690880
462.963867	-43.692284
473.730469	-43.988937
484.497070	-44.276398
495.263672	-44.325813
506.030273	-44.372967
516.796875	-44.447128
527.563477	-44.606579
538.330078	-44.612442
549.096680	-44.726662
559.863281	-44.803318
570.629883	-44.926498
581.396484	-45.154377
592.163086	-45.175831
602.929688	-45.255863
613.696289	-45.433502
624.462891	-45.442589
635.229492	-45.529465
645.996094	-45.584484
656.762695	-45.582073
667.529297	-45.740959
678.295898	-45.671032
689.062500	-45.766232
699.829102	-46.066841
710.595703	-46.221127
721.362305	-45.844177
732.128906	-45.770229
742.895508	-44.843246
753.662109	-44.982094
764.428711	-43.959984
775.195312	-44.736340
785.961914	-44.916306
796.728516	-46.595142
807.495117	-46.857906
818.261719	-46.944481
829.028320	-46.940350
839.794922	-46.944153
850.561523	-47.068264
861.328125	-46.850037
872.094727	-45.473320
882.861328	-46.616745
893.627930	-47.078674
904.394531	-47.215038
915.161133	-47.205151
925.927734	-46.366653
936.694336	-45.382099
947.460938	-43.751564
958.227539	-46.549496
968.994141	-47.222347
979.760742	-46.749748
990.527344	-46.787827
1001.293945	-44.127224
1012.060547	-35.514610
1022.827148	-34.343723
1033.593750	-40.138630
1044.360352	-43.802952
1055.126953	-48.141071
1065.893555	-47.646706
1076.660156	-47.075363
1087.426758	-45.437298
1098.193359	-45.920906
1108.959961	-46.914547
1119.726562	-47.679577
1130.493164	-47.536903
1141.259766	-48.335754
1152.026367	-48.544781
1162.792969	-48.017017
1173.559570	-48.524170
1184.326172	-48.530685
1195.092773	-44.077518
1205.859375	-44.251259
1216.625977	-48.066078
1227.392578	-47.626381
1238.159180	-46.350040
1248.925781	-48.069798
1259.692383	-48.519100
1270.458984	-49.214268
1281.225586	-48.746021
1291.992188	-47.861156
1302.758789	-48.912323
1313.525391	-49.274940
1324.291992	-49.243103
1335.058594	-49.127548
1345.825195	-48.329708
1356.591797	-48.514259
1367.358398	-48.250416
1378.125000	-49.193989
1388.891602	-48.891689
1399.658203	-47.797440
1410.424805	-47.235649
1421.191406	-46.076809
1431.958008	-48.796520
1442.724609	-49.311890
1453.491211	-49.290096
1464.257812	-49.072536
1475.024414	-48.166317
1485.791016	-49.528484
1496.557617	-49.865818
1507.324219	-49.546074
1518.090820	-49.690746
1528.857422	-49.284294
1539.624023	-49.753174
1550.390625	-49.783733
1561.157227	-49.242664
1571.923828	-49.577934
1582.690430	-49.850323
1593.457031	-47.814789
1604.223633	-46.763355
1614.990234	-48.694901
1625.756836	-49.589886
1636.523438	-50.633091
1647.290039	-49.636375
1658.056641	-48.522488
1668.823242	-46.720932
1679.589844	-45.882660
1690.356445	-42.666508
1701.123047	-43.152275
1711.889648	-41.668140
1722.656250	-45.354343
1733.422852	-46.355106
1744.189453	-45.341709
1754.956055	-45.690346
1765.722656	-44.039330
1776.489258	-46.319950
1787.255859	-45.316769
1798.022461	-39.488884
1808.789062	-42.177929
1819.555664	-50.110703
1830.322266	-47.731182
1841.088867	-46.087852
1851.855469	-42.929356
1862.622070	-41.882206
1873.388672	-38.031330
1884.155273	-36.108353
1894.921875	-34.042057
1905.688477	-34.989182
1916.455078	-35.904339
1927.221680	-35.761791
1937.988281	-39.954346
1948.754883	-42.798210
1959.521484	-47.995129
1970.288086	-49.033421
1981.054688	-46.209587
1991.821289	-48.235672
2002.587891	-49.359325
2013.354492	-50.733414
2024.121094	-49.115891
2034.887695	-43.154964
2045.654297	-42.013783
2056.420898	-38.696503
2067.187500	-40.990856
2077.954102	-40.770607
2088.720703	-40.001526
2099.487305	-42.124535
2110.253906	-44.291504
2121.020508	-48.392498
2131.787109	-49.899406
2142.553711	-46.009182
2153.320312	-47.018223
2164.086914	-48.710674
2174.853516	-47.468628
2185.620117	-45.781979
2196.386719	-46.984512
2207.153320	-46.597492
2217.919922	-43.500294
2228.686523	-46.020748
2239.453125	-46.336330
2250.219727	-49.788147
2260.986328	-49.960941
2271.752930	-47.023773
2282.519531	-45.971390
2293.286133	-43.154766
2304.052734	-45.525322
2314.819336	-45.769871
2325.585938	-46.172371
2336.352539	-46.156151
2347.119141	-43.627220
2357.885742	-44.997059
2368.652344	-44.696716
2379.418945	-47.491241
2390.185547	-45.925766
2400.952148	-41.541195
2411.718750	-41.140568
2422.485352	-39.707973
2433.251953	-43.016449
2444.018555	-44.842892
2454.785156	-47.978374
2465.551758	-48.934914
2476.318359	-47.734394
2487.084961	-45.050499
2497.851562	-45.492702
2508.618164	-46.981365
2519.384766	-47.343552
2530.151367	-45.568245
2540.917969	-47.925068
2551.684570	-48.406693
2562.451172	-49.176670
2573.217773	-50.489426
2583.984375	-50.590847
2594.750977	-51.321087
2605.517578	-51.280930
2616.284180	-52.298027
2627.050781	-52.526447
2637.817383	-51.985363
2648.583984	-50.494987
2659.350586	-49.522095
2670.117188	-48.784470
2680.883789	-49.500271
2691.650391	-49.192570
2702.416992	-49.655106
2713.183594	-48.778152
2723.950195	-49.777504
2734.716797	-50.512215
2745.483398	-50.870659
2756.250000	-46.897480
2767.016602	-44.202656
2777.783203	-48.910458
2788.549805	-48.872200
2799.316406	-44.814613
2810.083008	-47.622078
2820.849609	-49.010441
2831.616211	-45.434647
2842.382812	-44.945789
2853.149414	-45.227509
2863.916016	-47.043903
2874.682617	-46.957508
2885.449219	-47.126675
2896.215820	-46.535652
2906.982422	-47.345520
2917.749023	-49.072807
2928.515625	-50.501194
2939.282227	-51.520695
2950.048828	-51.119740
2960.815430	-49.503845
2971.582031	-47.033092
2982.348633	-42.181889
2993.115234	-43.805584
3003.881836	-42.927696
3014.648438	-46.344994
3025.415039	-47.948139
3036.181641	-50.856232
3046.948242	-39.222191
3057.714844	-35.393734
3068.481445	-38.317883
3079.248047	-39.636864
3090.014648	-48.372421
3100.781250	-50.179230
3111.547852	-48.074375
3122.314453	-44.719242
3133.081055	-43.444519
3143.847656	-40.465885
3154.614258	-41.904827
3165.380859	-41.041870
3176.147461	-44.339653
3186.914062	-44.772717
3197.680664	-43.069889
3208.447266	-44.842331
3219.213867	-47.004562
3229.980469	-50.930920
3240.747070	-52.842480
3251.513672	-50.535038
3262.280273	-50.313129
3273.046875	-47.666512
3283.813477	-47.820412
3294.580078	-46.393444
3305.346680	-49.064632
3316.113281	-49.015095
3326.879883	-46.852726
3337.646484	-48.040707
3348.413086	-46.791809
3359.179688	-45.070042
3369.946289	-44.569706
3380.712891	-44.945503
3391.479492	-46.148689
3402.246094	-45.310688
3413.012695	-49.137463
3423.779297	-50.212738
3434.545898	-51.045666
3445.312500	-46.391869
3456.079102	-41.592270
3466.845703	-39.376793
3477.612305	-37.689957
3488.378906	-35.481865
3499.145508	-36.648579
3509.912109	-36.487984
3520.678711	-41.289787
3531.445312	-45.242561
3542.211914	-50.580849
3552.978516	-51.391754
3563.745117	-48.896576
3574.511719	-47.337738
3585.278320	-44.813217
3596.044922	-45.625683
3606.811523	-46.045605
3617.578125	-49.326992
3628.344727	-46.199081
3639.111328	-42.575199
3649.877930	-47.430698
3660.644531	-49.786274
3671.411133	-49.670326
3682.177734	-48.355251
3692.944336	-44.815586
3703.710938	-44.515186
3714.477539	-43.822212
3725.244141	-45.103146
3736.010742	-46.859119
3746.777344	-47.427181
3757.543945	-50.861359
3768.310547	-52.335999
3779.077148	-52.246922
3789.843750	-50.847782
3800.610352	-46.960323
3811.376953	-48.523674
3822.143555	-47.880180
3832.910156	-49.730045
3843.676758	-50.461338
3854.443359	-51.241741
3865.209961	-51.713955
3875.976562	-50.743011
3886.743164	-52.857121
3897.509766	-51.932682
3908.276367	-51.363037
3919.042969	-53.291187
3929.809570	-53.833683
3940.576172	-53.602364
3951.342773	-54.439220
3962.109375	-54.629765
3972.875977	-54.428879
3983.642578	-54.800316
3994.409180	-54.740810
4005.175781	-55.059921
4015.942383	-55.164925
4026.708984	-55.497047
4037.475586	-55.446201
4048.242188	-55.445175
4059.008789	-55.567173
4069.775391	-55.511372
4080.541992	-55.392155
4091.308594	-55.479267
4102.075195	-55.444462
4112.841797	-55.490505
4123.608398	-55.606384
4134.375000	-55.541531
4145.141602	-55.659328
4155.908203	-55.774624
4166.674805	-55.711803
4177.441406	-55.632359
4188.208008	-55.609863
4198.974609	-55.529079
4209.741211	-55.752480
4220.507812	-55.871117
4231.274414	-55.690723
4242.041016	-55.715073
4252.807617	-55.855824
4263.574219	-55.747036
4274.340820	-55.812649
4285.107422	-55.812649
4295.874023	-55.732635
4306.640625	-55.821487
4317.407227	-55.762001
4328.173828	-55.795643
4338.940430	-55.921158
4349.707031	-55.820999
4360.473633	-55.829147
4371.240234	-55.848591
4382.006836	-55.913685
4392.773438	-56.141350
4403.540039	-56.037457
4414.306641	-55.776611
4425.073242	-55.904453
4435.839844	-56.055317
4446.606445	-56.059692
4457.373047	-56.095871
4468.139648	-56.050053
4478.906250	-56.046215
4489.672852	-56.081898
4500.439453	-55.995403
4511.206055	-56.225559
4521.972656	-56.171726
4532.739258	-55.954659
4543.505859	-55.957920
4554.272461	-56.009800
4565.039062	-55.999443
4575.805664	-56.103039
4586.572266	-56.011147
4597.338867	-56.169079
4608.105469	-56.206844
4618.872070	-56.167603
4629.638672	-56.270992
4640.405273	-56.394985
4651.171875	-56.491062
4661.938477	-56.449547
4672.705078	-56.338058
4683.471680	-56.333042
4694.238281	-56.215698
4705.004883	-56.206532
4715.771484	-56.053032
4726.538086	-56.114182
4737.304688	-56.246574
4748.071289	-56.334103
4758.837891	-56.293259
4769.604492	-56.411083
4780.371094	-56.475536
4791.137695	-56.297241
4801.904297	-56.235321
4812.670898	-56.421482
4823.437500	-56.435162
4834.204102	-56.392349
4844.970703	-56.346729
4855.737305	-56.317505
4866.503906	-56.456856
4877.270508	-56.569260
4888.037109	-56.449017
4898.803711	-56.506863
4909.570312	-56.547951
4920.336914	-56.531815
4931.103516	-56.591011
4941.870117	-56.426960
4952.636719	-56.585571
4963.403320	-56.730152
4974.169922	-56.484291
4984.936523	-56.388367
4995.703125	-56.496048
5006.469727	-56.700405
5017.236328	-56.767830
5028.002930	-56.644733
5038.769531	-56.591522
5049.536133	-56.591972
5060.302734	-56.636303
5071.069336	-56.622379
5081.835938	-56.630184
5092.602539	-56.628342
5103.369141	-56.666084
5114.135742	-56.723049
5124.902344	-56.843311
5135.668945	-56.811260
5146.435547	-56.861870
5157.202148	-56.963478
5167.968750	-56.741837
5178.735352	-56.706661
5189.501953	-56.909611
5200.268555	-56.891426
5211.035156	-56.909618
5221.801758	-56.885635
5232.568359	-56.902954
5243.334961	-56.808559
5254.101562	-56.712101
5264.868164	-56.747551
5275.634766	-56.815544
5286.401367	-56.885738
5297.167969	-56.955193
5307.934570	-56.917313
5318.701172	-56.908096
5329.467773	-56.952446
5340.234375	-57.035751
5351.000977	-57.100769
5361.767578	-57.032291
5372.534180	-56.958420
5383.300781	-56.961239
5394.067383	-56.910965
5404.833984	-57.035820
5415.600586	-56.993622
5426.367188	-56.965992
5437.133789	-56.842800
5447.900391	-56.922417
5458.666992	-56.911320
5469.433594	-57.083042
5480.200195	-56.979504
5490.966797	-56.976364
5501.733398	-57.108280
5512.500000	-57.131603
5523.266602	-57.062912
5534.033203	-56.992725
5544.799805	-57.119011
5555.566406	-57.208099
5566.333008	-57.309883
5577.099609	-57.202320
5587.866211	-57.160927
5598.632812	-57.024498
5609.399414	-56.944450
5620.166016	-57.097954
5630.932617	-57.061169
5641.699219	-57.212639
5652.465820	-57.239223
5663.232422	-57.263870
5673.999023	-57.259426
5684.765625	-57.051781
5695.532227	-57.112335
5706.298828	-57.245308
5717.065430	-57.236492
5727.832031	-57.205486
5738.598633	-57.295536
5749.365234	-57.353298
5760.131836	-57.353123
5770.898438	-57.327957
5781.665039	-57.296215
5792.431641	-57.280624
5803.198242	-57.359627
5813.964844	-57.387020
5824.731445	-57.337086
5835.498047	-57.269737
5846.264648	-57.412716
5857.031250	-57.563663
5867.797852	-57.498688
5878.564453	-57.548382
5889.331055	-57.490845
5900.097656	-57.439220
5910.864258	-57.537155
5921.630859	-57.451618
5932.397461	-57.357681
5943.164062	-57.357178
5953.930664	-57.460751
5964.697266	-57.425934
5975.463867	-57.535198
5986.230469	-57.408676
5996.997070	-57.499050
6007.763672	-57.601559
6018.530273	-57.685356
6029.296875	-57.627480
6040.063477	-57.578369
6050.830078	-57.609684
6061.596680	-57.668484
6072.363281	-57.548576
6083.129883	-57.598568
6093.896484	-57.711956
6104.663086	-57.678120
6115.429688	-57.641659
6126.196289	-57.632416
6136.962891	-57.511318
6147.729492	-57.584084
6158.496094	-57.758087
6169.262695	-57.661053
6180.029297	-57.545410
6190.795898	-57.659309
6201.562500	-57.662495
6212.329102	-57.663502
6223.095703	-57.680836
6233.862305	-57.730782
6244.628906	-57.677742
6255.395508	-57.612103
6266.162109	-57.632202
6276.928711	-57.750679
6287.695312	-57.725830
6298.461914	-57.728870
6309.228516	-57.842293
6319.995117	-57.751480
6330.761719	-57.920902
6341.528320	-57.959625
6352.294922	-57.820465
6363.061523	-57.823490
6373.828125	-57.896622
6384.594727	-57.869583
6395.361328	-57.770111
6406.127930	-57.772167
6416.894531	-57.712200
6427.661133	-57.837708
6438.427734	-57.889786
6449.194336	-57.923050
6459.960938	-57.906284
6470.727539	-57.948910
6481.494141	-58.037594
6492.260742	-57.978561
6503.027344	-57.973877
6513.793945	-57.878727
6524.560547	-57.982437
6535.327148	-57.916485
6546.093750	-57.810589
6556.860352	-57.825962
6567.626953	-57.918236
6578.393555	-58.142056
6589.160156	-58.160927
6599.926758	-58.085445
6610.693359	-58.057575
6621.459961	-57.976913
6632.226562	-57.949223
6642.993164	-58.170670
6653.759766	-58.040958
6664.526367	-58.026669
6675.292969	-58.190788
6686.059570	-58.155670
6696.826172	-58.059273
6707.592773	-58.061249
6718.359375	-58.088852
6729.125977	-58.127857
6739.892578	-58.156967
6750.659180	-58.099400
6761.425781	-58.149288
6772.192383	-58.056980
6782.958984	-58.106129
6793.725586	-58.164772
6804.492188	-58.228333
6815.258789	-58.219151
6826.025391	-58.091373
6836.791992	-58.047211
6847.558594	-58.217770
6858.325195	-58.240852
6869.091797	-58.184212
6879.858398	-58.158775
6890.625000	-58.285835
6901.391602	-58.194046
6912.158203	-58.161160
6922.924805	-58.118359
6933.691406	-58.148933
6944.458008	-58.282486
6955.224609	-58.072258
6965.991211	-58.083660
6976.757812	-58.120121
6987.524414	-58.250000
6998.291016	-58.379501
7009.057617	-58.371941
7019.824219	-58.334854
7030.590820	-58.288116
7041.357422	-58.262032
7052.124023	-58.306366
7062.890625	-58.264236
7073.657227	-58.367451
7084.423828	-58.468674
7095.190430	-58.517586
7105.957031	-58.411259
7116.723633	-58.277618
7127.490234	-58.318073
7138.256836	-58.468941
7149.023438	-58.391544
7159.790039	-58.395752
7170.556641	-58.370213
7181.323242	-58.352612
7192.089844	-58.296635
7202.856445	-58.375435
7213.623047	-58.482559
7224.389648	-58.552883
7235.156250	-58.454910
7245.922852	-58.493584
7256.689453	-58.483620
7267.456055	-58.462055
7278.222656	-58.539989
7288.989258	-58.535378
7299.755859	-58.569252
7310.522461	-58.435417
7321.289062	-58.334743
7332.055664	-58.277431
7342.822266	-58.547878
7353.588867	-58.562092
7364.355469	-58.504299
7375.122070	-58.424915
7385.888672	-58.466663
7396.655273	-58.469837
7407.421875	-58.593559
7418.188477	-58.640892
7428.955078	-58.593861
7439.721680	-58.465546
7450.488281	-58.651028
7461.254883	-58.660622
7472.021484	-58.645489
7482.788086	-58.640972
7493.554688	-58.750282
7504.321289	-58.656586
7515.087891	-58.601357
7525.854492	-58.619595
7536.621094	-58.694584
7547.387695	-58.745689
7558.154297	-58.745159
7568.920898	-58.592575
7579.687500	-58.825443
7590.454102	-58.731239
7601.220703	-58.633705
7611.987305	-58.765648
7622.753906	-58.756599
7633.520508	-58.678967
7644.287109	-58.672585
7655.053711	-58.719807
7665.820312	-58.824131
7676.586914	-58.711861
7687.353516	-58.687603
7698.120117	-58.796600
7708.886719	-58.816681
7719.653320	-58.670063
7730.419922	-58.682388
7741.186523	-58.721573
7751.953125	-58.643867
7762.719727	-58.672615
7773.486328	-58.772930
7784.252930	-58.796474
7795.019531	-58.804024
7805.786133	-58.769180
7816.552734	-58.771252
7827.319336	-58.885258
7838.085938	-58.918308
7848.852539	-59.050636
7859.619141	-58.885147
7870.385742	-58.747845
7881.152344	-58.899384
7891.918945	-58.797832
7902.685547	-58.723927
7913.452148	-58.779846
7924.218750	-58.906418
7934.985352	-58.897243
7945.751953	-58.891006
7956.518555	-59.011120
7967.285156	-59.027855
7978.051758	-58.964775
7988.818359	-58.874634
7999.584961	-58.948311
8010.351562	-58.867382
8021.118164	-58.903896
8031.884766	-58.868729
8042.651367	-58.999187
8053.417969	-59.081638
8064.184570	-58.992332
8074.951172	-58.960926
8085.717773	-58.927624
8096.484375	-58.931061
8107.250977	-58.862675
8118.017578	-58.896553
8128.784180	-58.991276
8139.550781	-59.107872
8150.317383	-59.222980
8161.083984	-59.141254
8171.850586	-58.981277
8182.617188	-59.045597
8193.383789	-59.048332
8204.150391	-59.013359
8214.916992	-59.005753
8225.683594	-58.932224
8236.450195	-59.114990
8247.216797	-59.279324
8257.983398	-59.178646
8268.750000	-59.267159
8279.516602	-59.287651
8290.283203	-59.149239
8301.049805	-59.262653
8311.816406	-59.205559
8322.583008	-59.113037
8333.349609	-59.080555
8344.116211	-59.238369
8354.882812	-59.187820
8365.649414	-59.218876
8376.416016	-59.110847
8387.182617	-59.101902
8397.949219	-59.095768
8408.715820	-59.195393
8419.482422	-59.363647
8430.249023	-59.253098
8441.015625	-59.237926
8451.782227	-59.255138
8462.548828	-59.281017
8473.315430	-59.295654
8484.082031	-59.269161
8494.848633	-59.046833
8505.615234	-59.085957
8516.381836	-59.230560
8527.148438	-59.350502
8537.915039	-59.333218
8548.681641	-59.260876
8559.448242	-59.183041
8570.214844	-59.255577
8580.981445	-59.222202
8591.748047	-59.277527
8602.514648	-59.269150
8613.281250	-59.304401
8624.047852	-59.137604
8634.814453	-59.296040
8645.581055	-59.341381
8656.347656	-59.362991
8667.114258	-59.466888
8677.880859	-59.418903
8688.647461	-59.340374
8699.414062	-59.301491
8710.180664	-59.348602
8720.947266	-59.314777
8731.713867	-59.319096
8742.480469	-59.218140
8753.247070	-59.253826
8764.013672	-59.335758
8774.780273	-59.334213
8785.546875	-59.508186
8796.313477	-59.528423
8807.080078	-59.481068
8817.846680	-59.434563
8828.613281	-59.407448
8839.379883	-59.492748
8850.146484	-59.470299
8860.913086	-59.243134
8871.679688	-59.306011
8882.446289	-59.320145
8893.212891	-59.258984
8903.979492	-59.380733
8914.746094	-59.331753
8925.512695	-59.272484
8936.279297	-59.382759
8947.045898	-59.498363
8957.812500	-59.502438
8968.579102	-59.503296
8979.345703	-59.487289
8990.112305	-59.434635
9000.878906	-59.432713
9011.645508	-59.492840
9022.412109	-59.421673
9033.178711	-59.650841
9043.945312	-59.719666
9054.711914	-59.777676
9065.478516	-59.630928
9076.245117	-59.575588
9087.011719	-59.687290
9097.778320	-59.639397
9108.544922	-59.460480
9119.311523	-59.531635
9130.078125	-59.607155
9140.844727	-59.532398
9151.611328	-59.512768
9162.377930	-59.512447
9173.144531	-59.531284
9183.911133	-59.561310
9194.677734	-59.519699
9205.444336	-59.609470
9216.210938	-59.704750
9226.977539	-59.709057
9237.744141	-59.671066
9248.510742	-59.639511
9259.277344	-59.598190
9270.043945	-59.639633
9280.810547	-59.707462
9291.577148	-59.687519
9302.343750	-59.676022
9313.110352	-59.621349
9323.876953	-59.635502
9334.643555	-59.611454
9345.410156	-59.605816
9356.176758	-59.590862
9366.943359	-59.713024
9377.709961	-59.707542
9388.476562	-59.660198
9399.243164	-59.738647
9410.009766	-59.638134
9420.776367	-59.561771
9431.542969	-59.773136
9442.309570	-59.653698
9453.076172	-59.820023
9463.842773	-59.764210
9474.609375	-59.795776
9485.375977	-59.855125
9496.142578	-59.845440
9506.909180	-59.866810
9517.675781	-59.693661
9528.442383	-59.670681
9539.208984	-59.697548
9549.975586	-59.809032
9560.742188	-59.827206
9571.508789	-59.770962
9582.275391	-59.823223
9593.041992	-59.781807
9603.808594	-59.804729
9614.575195	-59.797558
9625.341797	-59.896530
9636.108398	-59.876953
9646.875000	-59.882603
9657.641602	-59.687759
9668.408203	-59.725529
9679.174805	-59.860748
9689.941406	-59.873127
9700.708008	-59.911938
9711.474609	-59.809715
9722.241211	-59.823784
9733.007812	-59.919334
9743.774414	-59.832180
9754.541016	-59.904076
9765.307617	-59.917953
9776.074219	-59.743980
9786.840820	-59.886387
9797.607422	-59.949974
9808.374023	-59.988678
9819.140625	-59.880665
9829.907227	-59.898045
9840.673828	-59.994827
9851.440430	-59.990314
9862.207031	-59.942856
9872.973633	-59.943409
9883.740234	-60.066483
9894.506836	-60.034489
9905.273438	-59.917160
9916.040039	-59.857395
9926.806641	-59.867432
9937.573242	-60.060974
9948.339844	-59.925621
9959.106445	-59.822575
9969.873047	-59.836613
9980.639648	-59.969326
9991.406250	-59.911980
10002.172852	-60.072411
10012.939453	-60.034122
10023.706055	-59.965775
10034.472656	-60.048664
10045.239258	-60.059036
10056.005859	-60.075325
10066.772461	-60.010227
10077.539062	-59.955799
10088.305664	-60.000919
10099.072266	-60.093620
10109.838867	-60.157635
10120.605469	-60.164288
10131.372070	-60.114609
10142.138672	-60.053371
10152.905273	-59.938229
10163.671875	-59.968620
10174.438477	-60.044769
10185.205078	-60.087452
10195.971680	-60.047691
10206.738281	-60.076645
10217.504883	-60.075062
10228.271484	-60.201885
10239.038086	-60.156685
10249.804688	-60.017239
10260.571289	-60.150139
10271.337891	-60.192860
10282.104492	-60.066685
10292.871094	-60.050987
10303.637695	-60.118824
10314.404297	-60.329075
10325.170898	-60.212170
10335.937500	-60.063526
10346.704102	-60.149174
10357.470703	-60.275223
10368.237305	-60.151516
10379.003906	-60.101234
10389.770508	-60.159973
10400.537109	-60.160488
10411.303711	-60.059582
10422.070312	-60.085873
10432.836914	-60.091160
10443.603516	-60.150105
10454.370117	-60.123466
10465.136719	-60.089066
10475.903320	-60.078621
10486.669922	-60.180443
10497.436523	-60.128010
10508.203125	-60.119175
10518.969727	-60.124035
10529.736328	-60.193329
10540.502930	-60.379704
10551.269531	-60.384171
10562.036133	-60.241985
10572.802734	-60.276436
10583.569336	-60.226406
10594.335938	-60.237122
10605.102539	-60.219273
10615.869141	-60.280903
10626.635742	-60.138752
10637.402344	-60.305088
10648.168945	-60.426640
10658.935547	-60.287323
10669.702148	-60.369339
10680.468750	-60.321789
10691.235352	-60.273567
10702.001953	-60.445217
10712.768555	-60.411880
10723.535156	-60.309151
10734.301758	-60.325726
10745.068359	-60.274567
10755.834961	-60.245804
10766.601562	-60.412495
10777.368164	-60.625587
10788.134766	-60.554150
10798.901367	-60.497124
10809.667969	-60.454586
10820.434570	-60.294205
10831.201172	-60.359550
10841.967773	-60.497234
10852.734375	-60.522598
10863.500977	-60.425560
10874.267578	-60.358067
10885.034180	-60.290714
10895.800781	-60.333050
10906.567383	-60.415466
10917.333984	-60.667053
10928.100586	-60.563511
10938.867188	-60.478142
10949.633789	-60.491085
10960.400391	-60.412655
10971.166992	-60.392029
10981.933594	-60.465900
10992.700195	-60.452133
11003.466797	-60.371075
11014.233398	-60.387878
11025.000000	-60.562981
11035.766602	-60.463287
11046.533203	-60.593094
11057.299805	-60.551178
11068.066406	-60.469311
11078.833008	-60.599174
11089.599609	-60.444290
11100.366211	-60.449310
11111.132812	-60.506271
11121.899414	-60.623413
11132.666016	-60.584438
11143.432617	-60.640049
11154.199219	-60.569530
11164.965820	-60.457520
11175.732422	-60.426289
11186.499023	-60.618237
11197.265625	-60.487732
11208.032227	-60.504089
11218.798828	-60.663383
11229.565430	-60.422379
11240.332031	-60.508968
11251.098633	-60.512909
11261.865234	-60.491970
11272.631836	-60.560558
11283.398438	-60.717960
11294.165039	-60.874878
11304.931641	-60.777988
11315.698242	-60.672207
11326.464844	-60.766571
11337.231445	-60.596664
11347.998047	-60.550156
11358.764648	-60.546833
11369.531250	-60.594109
11380.297852	-60.609612
11391.064453	-60.546349
11401.831055	-60.527512
11412.597656	-60.520649
11423.364258	-60.687080
11434.130859	-60.953369
11444.897461	-60.861794
11455.664062	-60.724529
11466.430664	-60.630592
11477.197266	-60.827274
11487.963867	-60.840752
11498.730469	-60.730904
11509.497070	-60.807537
11520.263672	-60.700611
11531.030273	-60.688808
11541.796875	-60.639439
11552.563477	-60.623150
11563.330078	-60.610516
11574.096680	-60.608841
11584.863281	-60.706482
11595.629883	-60.848419
11606.396484	-60.719494
11617.163086	-60.749695
11627.929688	-60.878838
11638.696289	-60.965157
11649.462891	-60.878708
11660.229492	-60.784222
11670.996094	-60.792149
11681.762695	-60.807781
11692.529297	-60.894054
11703.295898	-60.728954
11714.062500	-60.714630
11724.829102	-60.748436
11735.595703	-60.793854
11746.362305	-60.633698
11757.128906	-60.520172
11767.895508	-60.691113
11778.662109	-60.835365
11789.428711	-60.558933
11800.195312	-60.584297
11810.961914	-60.720665
11821.728516	-60.728558
11832.495117	-60.809914
11843.261719	-60.840191
11854.028320	-60.757225
11864.794922	-60.905788
11875.561523	-60.824791
11886.328125	-60.791061
11897.094727	-60.840969
11907.861328	-60.786690
11918.627930	-60.790066
11929.394531	-60.859665
11940.161133	-60.880386
11950.927734	-60.755165
11961.694336	-60.883629
11972.460938	-60.815624
11983.227539	-60.778427
11993.994141	-60.797642
12004.760742	-60.886734
12015.527344	-61.045277
12026.293945	-60.882599
12037.060547	-60.811474
12047.827148	-60.819118
12058.593750	-61.073410
12069.360352	-60.871700
12080.126953	-60.842999
12090.893555	-60.873692
12101.660156	-60.859596
12112.426758	-60.898014
12123.193359	-60.869759
12133.959961	-60.904305
12144.726562	-60.923916
12155.493164	-60.947788
12166.259766	-61.009762
12177.026367	-60.949486
12187.792969	-60.922039
12198.559570	-61.062027
12209.326172	-61.079430
12220.092773	-61.057796
12230.859375	-60.978363
12241.625977	-60.884670
12252.392578	-60.927376
12263.159180	-61.057854
12273.925781	-61.007069
12284.692383	-61.029778
12295.458984	-60.977722
12306.225586	-61.030331
12316.992188	-60.940125
12327.758789	-61.035748
12338.525391	-60.980751
12349.291992	-60.972347
12360.058594	-60.910137
12370.825195	-61.132313
12381.591797	-61.045418
12392.358398	-61.158527
12403.125000	-61.098171
12413.891602	-60.960396
12424.658203	-61.086769
12435.424805	-61.104053
12446.191406	-61.064640
12456.958008	-61.155849
12467.724609	-61.237820
12478.491211	-61.227364
12489.257812	-61.152782
12500.024414	-60.978050
12510.791016	-60.996513
12521.557617	-61.041534
12532.324219	-61.175308
12543.090820	-61.031635
12553.857422	-61.150074
12564.624023	-61.084423
12575.390625	-61.164051
12586.157227	-61.198315
12596.923828	-61.103958
12607.690430	-61.147202
12618.457031	-61.150215
12629.223633	-61.258171
12639.990234	-61.106625
12650.756836	-61.174610
12661.523438	-61.172016
12672.290039	-61.120880
12683.056641	-61.071289
12693.823242	-61.044014
12704.589844	-61.147579
12715.356445	-61.225220
12726.123047	-61.186146
12736.889648	-61.113392
12747.656250	-61.052238
12758.422852	-61.070042
12769.189453	-61.148918
12779.956055	-61.122581
12790.722656	-61.139271
12801.489258	-61.187752
12812.255859	-61.220795
12823.022461	-61.178272
12833.789062	-61.229931
12844.555664	-61.212959
12855.322266	-61.056854
12866.088867	-61.184612
12876.855469	-61.266857
12887.622070	-61.169857
12898.388672	-61.235313
12909.155273	-61.194687
12919.921875	-61.207275
12930.688477	-61.372860
12941.455078	-61.255825
12952.221680	-61.255569
12962.988281	-61.234337
12973.754883	-61.297081
12984.521484	-61.347858
12995.288086	-61.448788
13006.054688	-61.378334
13016.821289	-61.204830
13027.587891	-61.170444
13038.354492	-61.152847
13049.121094	-61.220730
13059.887695	-61.438942
13070.654297	-61.413326
13081.420898	-61.234653
13092.187500	-61.171638
13102.954102	-61.166592
13113.720703	-61.216095
13124.487305	-61.175888
13135.253906	-61.255177
13146.020508	-61.366043
13156.787109	-61.303631
13167.553711	-61.249779
13178.320312	-61.321449
13189.086914	-61.416096
13199.853516	-61.280468
13210.620117	-61.220985
13221.386719	-61.295441
13232.153320	-61.411800
13242.919922	-61.366310
13253.686523	-61.300728
13264.453125	-61.365452
13275.219727	-61.415852
13285.986328	-61.426735
13296.752930	-61.452511
13307.519531	-61.344601
13318.286133	-61.351982
13329.052734	-61.452923
13339.819336	-61.512695
13350.585938	-61.417942
13361.352539	-61.330780
13372.119141	-61.286507
13382.885742	-61.454113
13393.652344	-61.540455
13404.418945	-61.428349
13415.185547	-61.361858
13425.952148	-61.432892
13436.718750	-61.348595
13447.485352	-61.499409
13458.251953	-61.409828
13469.018555	-61.388336
13479.785156	-61.484467
13490.551758	-61.450577
13501.318359	-61.460682
13512.084961	-61.570969
13522.851562	-61.536736
13533.618164	-61.429253
13544.384766	-61.325733
13555.151367	-61.453220
13565.917969	-61.475578
13576.684570	-61.581337
13587.451172	-61.550175
13598.217773	-61.565056
13608.984375	-61.409504
13619.750977	-61.505104
13630.517578	-61.529007
13641.284180	-61.539867
13652.050781	-61.445873
13662.817383	-61.491230
13673.583984	-61.448429
13684.350586	-61.408386
13695.117188	-61.556408
13705.883789	-61.591858
13716.650391	-61.537415
13727.416992	-61.519550
13738.183594	-61.421574
13748.950195	-61.447704
13759.716797	-61.345512
13770.483398	-61.511890
13781.250000	-61.501072
13792.016602	-61.599659
13802.783203	-61.660347
13813.549805	-61.606464
13824.316406	-61.531055
13835.083008	-61.579487
13845.849609	-61.524502
13856.616211	-61.471413
13867.382812	-61.474575
13878.149414	-61.532280
13888.916016	-61.549206
13899.682617	-61.492599
13910.449219	-61.570538
13921.215820	-61.644558
13931.982422	-61.759605
13942.749023	-61.820053
13953.515625	-61.953133
13964.282227	-61.835537
13975.048828	-61.694939
13985.815430	-61.623459
13996.582031	-61.624378
14007.348633	-61.665936
14018.115234	-61.727623
14028.881836	-61.684242
14039.648438	-61.669994
14050.415039	-61.730843
14061.181641	-61.674026
14071.948242	-61.586624
14082.714844	-61.609245
14093.481445	-61.746868
14104.248047	-61.720955
14115.014648	-61.740967
14125.781250	-61.657398
14136.547852	-61.655762
14147.314453	-61.664768
14158.081055	-61.662987
14168.847656	-61.715969
14179.614258	-61.707531
14190.380859	-61.848522
14201.147461	-62.000904
14211.914062	-61.806076
14222.680664	-61.670139
14233.447266	-61.527264
14244.213867	-61.631622
14254.980469	-61.698048
14265.747070	-61.704651
14276.513672	-61.704071
14287.280273	-61.757305
14298.046875	-61.767044
14308.813477	-61.851772
14319.580078	-61.780216
14330.346680	-61.667385
14341.113281	-61.733479
14351.879883	-61.773262
14362.646484	-61.649387
14373.413086	-61.780029
14384.179688	-61.755688
14394.946289	-61.792702
14405.712891	-61.858917
14416.479492	-61.845989
14427.246094	-61.847534
14438.012695	-61.788624
14448.779297	-61.674561
14459.545898	-61.802841
14470.312500	-61.802250
14481.079102	-61.811047
14491.845703	-61.887966
14502.612305	-61.863293
14513.378906	-61.791977
14524.145508	-61.809429
14534.912109	-61.795319
14545.678711	-61.891476
14556.445312	-61.848289
14567.211914	-61.685173
14577.978516	-61.684368
14588.745117	-61.812000
14599.511719	-61.841206
14610.278320	-61.820454
14621.044922	-61.786812
14631.811523	-61.815193
14642.578125	-61.889172
14653.344727	-61.939129
14664.111328	-62.069126
14674.877930	-61.873615
14685.644531	-61.765720
14696.411133	-62.026268
14707.177734	-61.958523
14717.944336	-61.886978
14728.710938	-61.906143
14739.477539	-61.912785
14750.244141	-61.894054
14761.010742	-61.865753
14771.777344	-61.853096
14782.543945	-61.985359
14793.310547	-61.996250
14804.077148	-61.861652
14814.843750	-61.825768
14825.610352	-61.855484
14836.376953	-61.897263
14847.143555	-61.948681
14857.910156	-61.944389
14868.676758	-61.898418
14879.443359	-61.973606
14890.209961	-62.020401
14900.976562	-61.980228
14911.743164	-61.922295
14922.509766	-61.874668
14933.276367	-61.720642
14944.042969	-61.618656
14954.809570	-61.839420
14965.576172	-61.946465
14976.342773	-61.966766
14987.109375	-62.049812
14997.875977	-62.024811
15008.642578	-62.151043
15019.409180	-62.234261
15030.175781	-62.101574
15040.942383	-61.916477
15051.708984	-61.874073
15062.475586	-62.036655
15073.242188	-62.055779
15084.008789	-61.915169
15094.775391	-61.973408
15105.541992	-61.947567
15116.308594	-61.930817
15127.075195	-61.965828
15137.841797	-62.001389
15148.608398	-61.888508
15159.375000	-61.896732
15170.141602	-61.989964
15180.908203	-61.958725
15191.674805	-61.982025
15202.441406	-61.947746
15213.208008	-61.950169
15223.974609	-61.884918
15234.741211	-62.009209
15245.507812	-61.958385
15256.274414	-62.087967
15267.041016	-62.028206
15277.807617	-62.045261
15288.574219	-62.132481
15299.340820	-62.092003
15310.107422	-62.062931
15320.874023	-62.054695
15331.640625	-61.959839
15342.407227	-61.943638
15353.173828	-62.056698
15363.940430	-62.004375
15374.707031	-61.961964
15385.473633	-62.049332
15396.240234	-62.045734
15407.006836	-62.015823
15417.773438	-62.053070
15428.540039	-62.209747
15439.306641	-62.327084
15450.073242	-62.311634
15460.839844	-62.258884
15471.606445	-62.044277
15482.373047	-61.985569
15493.139648	-62.051052
15503.906250	-62.131676
15514.672852	-62.253056
15525.439453	-62.208385
15536.206055	-62.150829
15546.972656	-62.142506
15557.739258	-62.149563
15568.505859	-62.216858
15579.272461	-62.132645
15590.039062	-62.077946
15600.805664	-62.162563
15611.572266	-62.190830
15622.338867	-62.217861
15633.105469	-62.217552
15643.872070	-62.181030
15654.638672	-62.270348
15665.405273	-62.224785
15676.171875	-62.190605
15686.938477	-62.196587
15697.705078	-62.289791
15708.471680	-62.137787
15719.238281	-62.186649
15730.004883	-62.160583
15740.771484	-62.273407
15751.538086	-62.256824
15762.304688	-62.283451
15773.071289	-62.298580
15783.837891	-62.329769
15794.604492	-62.145760
15805.371094	-62.262856
15816.137695	-62.321228
15826.904297	-62.358418
15837.670898	-62.342529
15848.437500	-62.247807
15859.204102	-62.301380
15869.970703	-62.357365
15880.737305	-62.188526
15891.503906	-62.215855
15902.270508	-62.307201
15913.037109	-62.265018
15923.803711	-62.143257
15934.570312	-62.291393
15945.336914	-62.334660
15956.103516	-62.252579
15966.870117	-62.442802
15977.636719	-62.311062
15988.403320	-62.238300
15999.169922	-62.243446
16009.936523	-62.287952
16020.703125	-62.396210
16031.469727	-62.450420
16042.236328	-62.373383
16053.002930	-62.201973
16063.769531	-62.210087
16074.536133	-62.351906
16085.302734	-62.451550
16096.069336	-62.347656
16106.835938	-62.304329
16117.602539	-62.240513
16128.369141	-62.244404
16139.135742	-62.367016
16149.902344	-62.368389
16160.668945	-62.243958
16171.435547	-62.406841
16182.202148	-62.385235
16192.968750	-62.523312
16203.735352	-62.384037
16214.501953	-62.355808
16225.268555	-62.318607
16236.035156	-62.310730
16246.801758	-62.386906
16257.568359	-62.311729
16268.334961	-62.338470
16279.101562	-62.430943
16289.868164	-62.480232
16300.634766	-62.438492
16311.401367	-62.397297
16322.167969	-62.444237
16332.934570	-62.451946
16343.701172	-62.459175
16354.467773	-62.469223
16365.234375	-62.417904
16376.000977	-62.344021
16386.767578	-62.435085
16397.534180	-62.438507
16408.300781	-62.378952
16419.067383	-62.328327
16429.833984	-62.283539
16440.600586	-62.261158
16451.367188	-62.324913
16462.133789	-62.500038
16472.900391	-62.356049
16483.666992	-62.451973
16494.433594	-62.645817
16505.200195	-62.571484
16515.966797	-62.496754
16526.733398	-62.613674
16537.500000	-62.568890
16548.266602	-62.614418
16559.033203	-62.492950
16569.799805	-62.487167
16580.566406	-62.513187
16591.333008	-62.481499
16602.099609	-62.364372
16612.866211	-62.399410
16623.632812	-62.581738
16634.399414	-62.665188
16645.166016	-62.512909
16655.932617	-62.574528
16666.699219	-62.472672
16677.465820	-62.444733
16688.232422	-62.565887
16698.999023	-62.468636
16709.765625	-62.480083
16720.532227	-62.607067
16731.298828	-62.727646
16742.065430	-62.669273
16752.832031	-62.411716
16763.598633	-62.497738
16774.365234	-62.622150
16785.131836	-62.539688
16795.898438	-62.611633
16806.665039	-62.515812
16817.431641	-62.565681
16828.198242	-62.579556
16838.964844	-62.543228
16849.731445	-62.698833
16860.498047	-62.744152
16871.264648	-62.712257
16882.031250	-62.558380
16892.797852	-62.639713
16903.564453	-62.744129
16914.331055	-62.735481
16925.097656	-62.638935
16935.864258	-62.594212
16946.630859	-62.587715
16957.397461	-62.632915
16968.164062	-62.632305
16978.930664	-62.629551
16989.697266	-62.648285
17000.463867	-62.747410
17011.230469	-62.765163
17021.997070	-62.704430
17032.763672	-62.695091
17043.530273	-62.562260
17054.296875	-62.546143
17065.063477	-62.557980
17075.830078	-62.564827
17086.596680	-62.544792
17097.363281	-62.563755
17108.129883	-62.616459
17118.896484	-62.732021
17129.663086	-62.730171
17140.429688	-62.586639
17151.196289	-62.508072
17161.962891	-62.641396
17172.729492	-62.669991
17183.496094	-62.595272
17194.262695	-62.686768
17205.029297	-62.757751
17215.795898	-62.662369
17226.562500	-62.691750
17237.329102	-62.684177
17248.095703	-62.646057
17258.862305	-62.667023
17269.628906	-62.658157
17280.395508	-62.657417
17291.162109	-62.600872
17301.928711	-62.554798
17312.695312	-62.699703
17323.461914	-62.745014
17334.228516	-62.584164
17344.995117	-62.670162
17355.761719	-62.893188
17366.528320	-62.786018
17377.294922	-62.680790
17388.061523	-62.802616
17398.828125	-62.978424
17409.594727	-62.831696
17420.361328	-62.848099
17431.127930	-63.024212
17441.894531	-62.895020
17452.661133	-62.741096
17463.427734	-62.813366
17474.194336	-62.522415
17484.960938	-62.424217
17495.727539	-62.702637
17506.494141	-62.798752
17517.260742	-62.770924
17528.027344	-62.799225
17538.793945	-62.833096
17549.560547	-62.851151
17560.327148	-62.865429
17571.093750	-62.795132
17581.860352	-62.837097
17592.626953	-62.847546
17603.393555	-62.890099
17614.160156	-62.660984
17624.926758	-62.749702
17635.693359	-62.811241
17646.459961	-62.888142
17657.226562	-62.883476
17667.993164	-62.728741
17678.759766	-62.748295
17689.526367	-62.781300
17700.292969	-62.795879
17711.059570	-62.922409
17721.826172	-62.901909
17732.592773	-62.893887
17743.359375	-62.869640
17754.125977	-62.942905
17764.892578	-62.901623
17775.659180	-62.806866
17786.425781	-62.713013
17797.192383	-62.815769
17807.958984	-62.701389
17818.725586	-62.723255
17829.492188	-62.721630
17840.258789	-62.812332
17851.025391	-62.796501
17861.791992	-62.786152
17872.558594	-62.809864
17883.325195	-62.847363
17894.091797	-62.762550
17904.858398	-62.822746
17915.625000	-62.865459
17926.391602	-62.973557
17937.158203	-62.862190
17947.924805	-62.749371
17958.691406	-62.888866
17969.458008	-62.957054
17980.224609	-62.828812
17990.991211	-62.802685
18001.757812	-62.840298
18012.524414	-62.842411
18023.291016	-62.811764
18034.057617	-62.778088
18044.824219	-62.829712
18055.590820	-62.980564
18066.357422	-62.977955
18077.124023	-63.093903
18087.890625	-62.994373
18098.657227	-62.966068
18109.423828	-62.878567
18120.190430	-62.728195
18130.957031	-62.817795
18141.723633	-62.828758
18152.490234	-62.887123
18163.256836	-62.816334
18174.023438	-62.886669
18184.790039	-62.877087
18195.556641	-62.916832
18206.323242	-63.126965
18217.089844	-63.061947
18227.856445	-62.950737
18238.623047	-63.061501
18249.389648	-62.996922
18260.156250	-62.831219
18270.922852	-62.889469
18281.689453	-62.990139
18292.456055	-63.064751
18303.222656	-63.083389
18313.989258	-63.000942
18324.755859	-62.946785
18335.522461	-62.899349
18346.289062	-62.957417
18357.055664	-63.076939
18367.822266	-63.081066
18378.588867	-62.934628
18389.355469	-62.989044
18400.122070	-63.044682
18410.888672	-62.989220
18421.655273	-62.966412
18432.421875	-62.977501
18443.188477	-63.104752
18453.955078	-63.003563
18464.721680	-62.978382
18475.488281	-63.110714
18486.254883	-63.150864
18497.021484	-63.122478
18507.788086	-63.086868
18518.554688	-63.185055
18529.321289	-63.090206
18540.087891	-62.982357
18550.854492	-63.062916
18561.621094	-63.022354
18572.387695	-63.145065
18583.154297	-63.280991
18593.920898	-63.200180
18604.687500	-62.961555
18615.454102	-63.220448
18626.220703	-63.250473
18636.987305	-63.174305
18647.753906	-63.141701
18658.520508	-63.083790
18669.287109	-63.009014
18680.053711	-63.010601
18690.820312	-63.130924
18701.586914	-63.000397
18712.353516	-63.140869
18723.120117	-63.392677
18733.886719	-63.243668
18744.653320	-63.182419
18755.419922	-63.139721
18766.186523	-63.165737
18776.953125	-63.194168
18787.719727	-63.217197
18798.486328	-63.176777
18809.252930	-63.134663
18820.019531	-63.267193
18830.786133	-63.342453
18841.552734	-63.433163
18852.319336	-63.330482
18863.085938	-63.232414
18873.852539	-63.186516
18884.619141	-63.297157
18895.385742	-63.384911
18906.152344	-63.276466
18916.918945	-63.356335
18927.685547	-63.361530
18938.452148	-63.399540
18949.218750	-63.439342
18959.985352	-63.374535
18970.751953	-63.305092
18981.518555	-63.223850
18992.285156	-63.314377
19003.051758	-63.378502
19013.818359	-63.350742
19024.584961	-63.268772
19035.351562	-63.264206
19046.118164	-63.289833
19056.884766	-63.405510
19067.651367	-63.306747
19078.417969	-63.284504
19089.184570	-63.306297
19099.951172	-63.318661
19110.717773	-63.422497
19121.484375	-63.599709
19132.250977	-63.477127
19143.017578	-63.304081
19153.784180	-63.369984
19164.550781	-63.336212
19175.317383	-63.373562
19186.083984	-63.450844
19196.850586	-63.474823
19207.617188	-63.402218
19218.383789	-63.419144
19229.150391	-63.435204
19239.916992	-63.347023
19250.683594	-63.364574
19261.450195	-63.491901
19272.216797	-63.520329
19282.983398	-63.427189
19293.750000	-63.396179
19304.516602	-63.576210
19315.283203	-63.591038
19326.049805	-63.605606
19336.816406	-63.593746
19347.583008	-63.475418
19358.349609	-63.537235
19369.116211	-63.547619
19379.882812	-63.639343
19390.649414	-63.686214
19401.416016	-63.613060
19412.182617	-63.629921
19422.949219	-63.490299
19433.715820	-63.441841
19444.482422	-63.613308
19455.249023	-63.640011
19466.015625	-63.601334
19476.782227	-63.644371
19487.548828	-63.595554
19498.315430	-63.647125
19509.082031	-63.692566
19519.848633	-63.714569
19530.615234	-63.593021
19541.381836	-63.553741
19552.148438	-63.688709
19562.915039	-63.772285
19573.681641	-63.813160
19584.448242	-63.679836
19595.214844	-63.677799
19605.981445	-63.729084
19616.748047	-63.798973
19627.514648	-63.846619
19638.281250	-63.756813
19649.047852	-63.652637
19659.814453	-63.574326
19670.581055	-63.530079
19681.347656	-63.697636
19692.114258	-63.783760
19702.880859	-63.844433
19713.647461	-63.734779
19724.414062	-63.889420
19735.180664	-63.865135
19745.947266	-63.859364
19756.713867	-63.825150
19767.480469	-63.888248
19778.247070	-63.980717
19789.013672	-63.954208
19799.780273	-63.882809
19810.546875	-64.027405
19821.313477	-64.108681
19832.080078	-64.106636
19842.846680	-64.027496
19853.613281	-64.047661
19864.379883	-64.106834
19875.146484	-64.025826
19885.913086	-64.018837
19896.679688	-64.024803
19907.446289	-64.043144
19918.212891	-64.008133
19928.979492	-64.019455
19939.746094	-64.182060
19950.512695	-64.323761
19961.279297	-64.222488
19972.045898	-64.266884
19982.812500	-64.334595
19993.579102	-64.250664
20004.345703	-64.157234
20015.112305	-64.329018
20025.878906	-64.349037
20036.645508	-64.276619
20047.412109	-64.255981
20058.178711	-64.208076
20068.945312	-64.244217
20079.711914	-64.350906
20090.478516	-64.269005
20101.245117	-64.183746
20112.011719	-64.279190
20122.778320	-64.247894
20133.544922	-64.292130
20144.311523	-64.418320
20155.078125	-64.436836
20165.844727	-64.308075
20176.611328	-64.345520
20187.377930	-64.432823
20198.144531	-64.603867
20208.911133	-64.548294
20219.677734	-64.474594
20230.444336	-64.364616
20241.210938	-64.473923
20251.977539	-64.479660
20262.744141	-64.486847
20273.510742	-64.495674
20284.277344	-64.482132
20295.043945	-64.463120
20305.810547	-64.639877
20316.577148	-64.512291
20327.343750	-64.627090
20338.110352	-64.697975
20348.876953	-64.607819
20359.643555	-64.728714
20370.410156	-64.749107
20381.176758	-64.792320
20391.943359	-64.705139
20402.709961	-64.783188
20413.476562	-64.798370
20424.243164	-64.626854
20435.009766	-64.616219
20445.776367	-64.633362
20456.542969	-64.859375
20467.309570	-64.872772
20478.076172	-64.720497
20488.842773	-64.843239
20499.609375	-65.018509
20510.375977	-64.910988
20521.142578	-64.918556
20531.909180	-65.024849
20542.675781	-65.027527
20553.442383	-64.908096
20564.208984	-64.833984
20574.975586	-64.907669
20585.742188	-65.004356
20596.508789	-65.089111
20607.275391	-64.861954
20618.041992	-64.920387
20628.808594	-65.246399
20639.575195	-65.294594
20650.341797	-65.271187
20661.108398	-65.162544
20671.875000	-65.191780
20682.641602	-65.186287
20693.408203	-65.285919
20704.174805	-65.311447
20714.941406	-65.293556
20725.708008	-65.516617
20736.474609	-65.321281
20747.241211	-65.422516
20758.007812	-65.426628
20768.774414	-65.423691
20779.541016	-65.386269
20790.307617	-65.486008
20801.074219	-65.484085
20811.840820	-65.421730
20822.607422	-65.420349
20833.374023	-65.595215
20844.140625	-65.709679
20854.907227	-65.705612
20865.673828	-65.473930
20876.440430	-65.513832
20887.207031	-65.606384
20897.973633	-65.698753
20908.740234	-65.756096
20919.506836	-65.734688
20930.273438	-65.665863
20941.040039	-65.636322
20951.806641	-65.760185
20962.573242	-65.970604
20973.339844	-65.838135
20984.106445	-65.700974
20994.873047	-65.718895
21005.639648	-65.692726
21016.406250	-65.760185
21027.172852	-65.841896
21037.939453	-65.871674
21048.706055	-66.006767
21059.472656	-66.111038
21070.239258	-65.912636
21081.005859	-65.952110
21091.772461	-65.899445
21102.539062	-65.853821
21113.305664	-65.776016
21124.072266	-66.024170
21134.838867	-66.145828
21145.605469	-66.155518
21156.372070	-66.030220
21167.138672	-66.120056
21177.905273	-66.261345
21188.671875	-66.271179
21199.438477	-66.246887
21210.205078	-66.081886
21220.971680	-66.294159
21231.738281	-66.250031
21242.504883	-66.242729
21253.271484	-66.259857
21264.038086	-66.197319
21274.804688	-66.259979
21285.571289	-66.336227
21296.337891	-66.321312
21307.104492	-66.267403
21317.871094	-66.469048
21328.637695	-66.673836
21339.404297	-66.511581
21350.170898	-66.291702
21360.937500	-66.400589
21371.704102	-66.564560
21382.470703	-66.531303
21393.237305	-66.648567
21404.003906	-66.507072
21414.770508	-66.599510
21425.537109	-66.668144
21436.303711	-66.615456
21447.070312	-66.640167
21457.836914	-66.605919
21468.603516	-66.557373
21479.370117	-66.556816
21490.136719	-66.575905
21500.903320	-66.660980
21511.669922	-66.693687
21522.436523	-66.817482
21533.203125	-66.883797
21543.969727	-66.672279
21554.736328	-66.650215
21565.502930	-66.762512
21576.269531	-66.764427
21587.036133	-66.811874
21597.802734	-66.822182
21608.569336	-66.774071
21619.335938	-66.781548
21630.102539	-66.870224
21640.869141	-66.887505
21651.635742	-66.961533
21662.402344	-66.997780
21673.168945	-66.930656
21683.935547	-66.944839
21694.702148	-66.859207
21705.468750	-67.003311
21716.235352	-66.929855
21727.001953	-66.927315
21737.768555	-67.084702
21748.535156	-66.967079
21759.301758	-66.960953
21770.068359	-67.067894
21780.834961	-67.077881
21791.601562	-67.015358
21802.368164	-66.924194
21813.134766	-67.171310
21823.901367	-67.156181
21834.667969	-67.225502
21845.434570	-67.086113
21856.201172	-67.139229
21866.967773	-67.171524
21877.734375	-67.227844
21888.500977	-67.248169
21899.267578	-67.106422
21910.034180	-67.156204
21920.800781	-67.316841
21931.567383	-67.279037
21942.333984	-67.224327
21953.100586	-67.215858
21963.867188	-67.105766
21974.633789	-67.146675
21985.400391	-67.288643
21996.166992	-67.088692
22006.933594	-67.081436
22017.700195	-67.127220
22028.466797	-67.148903
22039.233398	-67.055237
